wandb: WARNING Symlinked 1 file into the W&B run directory; call wandb.save again to sync new files.
Save Config File
Options initialised
100%|| 56/56 [08:57<00:00,  9.59s/it]
Data setup complete.
-----------------------------------
Starting Training
-----------------------------------
Training...
100%|| 100/100 [00:35<00:00,  2.83it/s]
100%|| 12/12 [00:29<00:00,  2.43s/it]
Train SOD mIoU: 0.5385
Train SOD IoU per class: tensor([0.7809, 0.4157, 0.4701, 0.2678, 0.7577], device='cuda:0')
Train SOD Precision per class: tensor([0.8404, 0.8049, 0.6130, 0.3569, 0.8834], device='cuda:0')
Train SOD Recall per class: tensor([0.9170, 0.4622, 0.6685, 0.5177, 0.8420], device='cuda:0')
Train SOD True class proportion: tensor([0.2840, 0.2062, 0.2025, 0.1165, 0.1908], device='cuda:0')
Train SOD Pred class proportion: tensor([0.3098, 0.1184, 0.2209, 0.1690, 0.1819], device='cuda:0')
Train SOD Normalized Confusion Matrix (row=true, col=pred):
tensor([[0.9170, 0.0103, 0.0297, 0.0369, 0.0062],
        [0.1516, 0.4622, 0.1205, 0.1770, 0.0887],
        [0.0356, 0.0295, 0.6685, 0.2622, 0.0042],
        [0.0423, 0.0275, 0.4099, 0.5177, 0.0026],
        [0.0318, 0.0577, 0.0233, 0.0452, 0.8420]], device='cuda:0')
Validating...
100%|| 12/12 [00:29<00:00,  1.55s/it]
Computing Metrics on Val dataset

Epoch 0 score:
SOD f1_metric: 79.8290023803711%
SOD F1 score: tensor([0.9425, 0.7260, 0.2625, 0.4361, 0.9522], device='cuda:0')
SOD OA: 0.7898295521736145
SOD mIoU: tensor(0.5600, device='cuda:0')
SOD IoU per class: tensor([0.8913, 0.5699, 0.1511, 0.2789, 0.9088], device='cuda:0')
SOD Precision per class: tensor([0.9492, 0.7185, 0.1709, 0.6766, 0.9482], device='cuda:0')
SOD Recall per class: tensor([0.9360, 0.7337, 0.5656, 0.3218, 0.9562], device='cuda:0')
SOD True class proportion: tensor([0.4498, 0.1597, 0.0387, 0.1680, 0.1837], device='cuda:0')
SOD Pred class proportion: tensor([0.4435, 0.1631, 0.1282, 0.0799, 0.1853], device='cuda:0')
SOD Normalized Confusion Matrix (row=true, col=pred):
tensor([[9.3598e-01, 6.2395e-02, 4.7831e-06, 1.6220e-03, 9.5663e-07],
        [1.1198e-01, 7.3369e-01, 3.1846e-02, 6.2429e-02, 6.0057e-02],
        [2.9798e-02, 1.4180e-02, 5.6557e-01, 3.9046e-01, 0.0000e+00],
        [2.0011e-02, 5.5957e-02, 6.0226e-01, 3.2177e-01, 0.0000e+00],
        [7.9037e-04, 4.2928e-02, 0.0000e+00, 5.2691e-05, 9.5623e-01]],
       device='cuda:0')
SOD Train-Val IoU gap per class: tensor([-0.1104, -0.1542,  0.3190, -0.0110, -0.1510], device='cuda:0')
Combined score: 79.8290023803711%
Train Epoch Loss: 0.603
Train Cross Entropy Epoch Loss: 0.603
Train Water Consistency Epoch Loss: 0.000
Validation Epoch Loss: 0.330
Validation Cross Entropy Epoch Loss: 0.330
Validation val_edge_consistency_loss: 0.000
Water edge Accuarcy: 0.0
Validation SOD mIoU: 0.5600
Learning Rate: 1.00e-03
saving model....
model saved successfully at ./work_dirs/My_DS29_Swin/best_model_My_DS29_Swin.pth
100%|| 100/100 [00:19<00:00,  5.18it/s]
100%|| 12/12 [00:30<00:00,  2.54s/it]
Train SOD mIoU: 0.6862
Train SOD IoU per class: tensor([0.8596, 0.6430, 0.6231, 0.4537, 0.8516], device='cuda:0')
Train SOD Precision per class: tensor([0.8856, 0.8095, 0.7780, 0.6168, 0.9448], device='cuda:0')
Train SOD Recall per class: tensor([0.9670, 0.7577, 0.7579, 0.6317, 0.8962], device='cuda:0')
Train SOD True class proportion: tensor([0.2786, 0.2019, 0.2079, 0.1155, 0.1962], device='cuda:0')
Train SOD Pred class proportion: tensor([0.3042, 0.1889, 0.2025, 0.1183, 0.1861], device='cuda:0')
Train SOD Normalized Confusion Matrix (row=true, col=pred):
tensor([[9.6699e-01, 1.8608e-02, 4.0086e-03, 9.0970e-03, 1.2986e-03],
        [1.0135e-01, 7.5768e-01, 4.7830e-02, 4.5651e-02, 4.7490e-02],
        [2.2053e-02, 5.9884e-02, 7.5787e-01, 1.5915e-01, 1.0433e-03],
        [2.3349e-02, 4.9422e-02, 2.9460e-01, 6.3173e-01, 9.0088e-04],
        [3.5957e-02, 6.4456e-02, 8.4160e-04, 2.5146e-03, 8.9623e-01]],
       device='cuda:0')
Validating...
100%|| 12/12 [00:30<00:00,  1.60s/it]
Computing Metrics on Val dataset

Epoch 1 score:
SOD f1_metric: 79.97000122070312%
SOD F1 score: tensor([0.9633, 0.7782, 0.2925, 0.3235, 0.9603], device='cuda:0')
SOD OA: 0.7999798655509949
SOD mIoU: tensor(0.5708, device='cuda:0')
SOD IoU per class: tensor([0.9293, 0.6370, 0.1713, 0.1930, 0.9236], device='cuda:0')
SOD Precision per class: tensor([0.9417, 0.8753, 0.1813, 0.7322, 0.9393], device='cuda:0')
SOD Recall per class: tensor([0.9859, 0.7006, 0.7557, 0.2076, 0.9823], device='cuda:0')
SOD True class proportion: tensor([0.4498, 0.1597, 0.0387, 0.1680, 0.1837], device='cuda:0')
SOD Pred class proportion: tensor([0.4709, 0.1278, 0.1615, 0.0476, 0.1921], device='cuda:0')
SOD Normalized Confusion Matrix (row=true, col=pred):
tensor([[9.8595e-01, 1.3428e-02, 5.2136e-05, 5.6154e-04, 1.0045e-05],
        [1.2382e-01, 7.0055e-01, 6.6142e-02, 3.6871e-02, 7.2612e-02],
        [5.8431e-02, 1.4991e-02, 7.5571e-01, 1.7087e-01, 0.0000e+00],
        [2.9234e-02, 3.8941e-02, 7.2385e-01, 2.0761e-01, 3.6616e-04],
        [2.6217e-03, 1.5124e-02, 0.0000e+00, 0.0000e+00, 9.8225e-01]],
       device='cuda:0')
SOD Train-Val IoU gap per class: tensor([-0.0696,  0.0061,  0.4518,  0.2607, -0.0720], device='cuda:0')
Combined score: 79.97000122070312%
Train Epoch Loss: 0.383
Train Cross Entropy Epoch Loss: 0.383
Train Water Consistency Epoch Loss: 0.000
Validation Epoch Loss: 0.310
Validation Cross Entropy Epoch Loss: 0.310
Validation val_edge_consistency_loss: 0.000
Water edge Accuarcy: 0.0
Validation SOD mIoU: 0.5708
Learning Rate: 1.00e-03
saving model....
model saved successfully at ./work_dirs/My_DS29_Swin/best_model_My_DS29_Swin.pth
100%|| 12/12 [00:29<00:00,  2.50s/it]
Train SOD mIoU: 0.7210
Train SOD IoU per class: tensor([0.8725, 0.6950, 0.6432, 0.5158, 0.8785], device='cuda:0')
Train SOD Precision per class: tensor([0.8917, 0.8375, 0.7932, 0.7026, 0.9500], device='cuda:0')
Train SOD Recall per class: tensor([0.9759, 0.8033, 0.7729, 0.6599, 0.9210], device='cuda:0')
Train SOD True class proportion: tensor([0.2816, 0.2017, 0.2021, 0.1183, 0.1962], device='cuda:0')
Train SOD Pred class proportion: tensor([0.3082, 0.1935, 0.1969, 0.1111, 0.1902], device='cuda:0')
Train SOD Normalized Confusion Matrix (row=true, col=pred):
tensor([[9.7591e-01, 1.5083e-02, 3.1454e-03, 4.4402e-03, 1.4250e-03],
        [9.0538e-02, 8.0333e-01, 3.9560e-02, 2.2814e-02, 4.3763e-02],
        [2.9283e-02, 6.4091e-02, 7.7288e-01, 1.3290e-01, 8.4604e-04],
        [2.7946e-02, 4.3047e-02, 2.6826e-01, 6.5986e-01, 8.8715e-04],
        [3.0030e-02, 4.6628e-02, 7.2515e-04, 1.6039e-03, 9.2101e-01]],
       device='cuda:0')
Validating...
100%|| 12/12 [00:29<00:00,  1.58s/it]
Computing Metrics on Val dataset

Epoch 2 score:
SOD f1_metric: 85.7239990234375%
SOD F1 score: tensor([0.9630, 0.7165, 0.4299, 0.7377, 0.9201], device='cuda:0')
SOD OA: 0.8567743301391602
SOD mIoU: tensor(0.6394, device='cuda:0')
SOD IoU per class: tensor([0.9286, 0.5583, 0.2738, 0.5844, 0.8521], device='cuda:0')
SOD Precision per class: tensor([0.9387, 0.8526, 0.3219, 0.8745, 0.8623], device='cuda:0')
SOD Recall per class: tensor([0.9885, 0.6179, 0.6471, 0.6379, 0.9863], device='cuda:0')
SOD True class proportion: tensor([0.4498, 0.1597, 0.0387, 0.1680, 0.1837], device='cuda:0')
SOD Pred class proportion: tensor([0.4736, 0.1157, 0.0779, 0.1226, 0.2102], device='cuda:0')
SOD Normalized Confusion Matrix (row=true, col=pred):
tensor([[9.8851e-01, 1.0631e-02, 0.0000e+00, 7.9209e-04, 6.4572e-05],
        [1.2743e-01, 6.1788e-01, 4.0295e-02, 3.3989e-02, 1.8040e-01],
        [7.0829e-02, 3.4518e-02, 6.4710e-01, 2.4755e-01, 0.0000e+00],
        [3.2132e-02, 5.3262e-02, 2.7610e-01, 6.3787e-01, 6.3630e-04],
        [2.8289e-03, 1.0822e-02, 0.0000e+00, 0.0000e+00, 9.8635e-01]],
       device='cuda:0')
SOD Train-Val IoU gap per class: tensor([-0.0561,  0.1368,  0.3694, -0.0686,  0.0264], device='cuda:0')
Combined score: 85.7239990234375%
Train Epoch Loss: 0.322
Train Cross Entropy Epoch Loss: 0.322
Train Water Consistency Epoch Loss: 0.000
Validation Epoch Loss: 0.272
Validation Cross Entropy Epoch Loss: 0.272
Validation val_edge_consistency_loss: 0.000
Water edge Accuarcy: 0.0
Validation SOD mIoU: 0.6394
Learning Rate: 9.99e-04
saving model....
model saved successfully at ./work_dirs/My_DS29_Swin/best_model_My_DS29_Swin.pth
100%|| 12/12 [00:29<00:00,  2.43s/it]
Train SOD mIoU: 0.7546
Train SOD IoU per class: tensor([0.8779, 0.7223, 0.7082, 0.5813, 0.8832], device='cuda:0')
Train SOD Precision per class: tensor([0.8999, 0.8556, 0.8358, 0.7615, 0.9480], device='cuda:0')
Train SOD Recall per class: tensor([0.9730, 0.8225, 0.8227, 0.7107, 0.9282], device='cuda:0')
Train SOD True class proportion: tensor([0.2805, 0.1985, 0.2136, 0.1165, 0.1909], device='cuda:0')
Train SOD Pred class proportion: tensor([0.3033, 0.1909, 0.2102, 0.1087, 0.1869], device='cuda:0')
Train SOD Normalized Confusion Matrix (row=true, col=pred):
tensor([[9.7296e-01, 1.8590e-02, 2.9224e-03, 4.1179e-03, 1.4116e-03],
        [8.0557e-02, 8.2254e-01, 3.5411e-02, 1.7255e-02, 4.4236e-02],
        [2.9262e-02, 4.7881e-02, 8.2268e-01, 9.8469e-02, 1.7051e-03],
        [2.7028e-02, 3.3317e-02, 2.2749e-01, 7.1071e-01, 1.4547e-03],
        [2.6062e-02, 4.3187e-02, 9.0868e-04, 1.6794e-03, 9.2816e-01]],
       device='cuda:0')
Validating...
  2%|▌                                                                                                                                | 4/200 [03:36<2:49:49, 51.99s/it]1.55s/it]
Computing Metrics on Val dataset

Epoch 3 score:
SOD f1_metric: 84.56800079345703%
SOD F1 score: tensor([0.9558, 0.7557, 0.3561, 0.6418, 0.9440], device='cuda:0')
SOD OA: 0.8407639861106873
SOD mIoU: tensor(0.6211, device='cuda:0')
SOD IoU per class: tensor([0.9154, 0.6073, 0.2166, 0.4725, 0.8939], device='cuda:0')
SOD Precision per class: tensor([0.9272, 0.8417, 0.2440, 0.9072, 0.9170], device='cuda:0')
SOD Recall per class: tensor([0.9863, 0.6856, 0.6590, 0.4965, 0.9726], device='cuda:0')
SOD True class proportion: tensor([0.4498, 0.1597, 0.0387, 0.1680, 0.1837], device='cuda:0')
SOD Pred class proportion: tensor([0.4784, 0.1301, 0.1047, 0.0920, 0.1949], device='cuda:0')
SOD Normalized Confusion Matrix (row=true, col=pred):
tensor([[9.8629e-01, 1.2864e-02, 0.0000e+00, 7.9209e-04, 5.4528e-05],
        [1.4020e-01, 6.8561e-01, 4.5295e-02, 2.9191e-02, 9.9711e-02],
        [1.8484e-01, 6.5516e-02, 6.5901e-01, 9.0639e-02, 0.0000e+00],
        [2.8330e-02, 4.6012e-02, 4.2778e-01, 4.9651e-01, 1.3699e-03],
        [2.7470e-03, 2.4692e-02, 0.0000e+00, 0.0000e+00, 9.7256e-01]],
       device='cuda:0')
SOD Train-Val IoU gap per class: tensor([-0.0375,  0.1150,  0.4916,  0.1088, -0.0106], device='cuda:0')
Combined score: 84.56800079345703%
Train Epoch Loss: 0.284
Train Cross Entropy Epoch Loss: 0.284
Train Water Consistency Epoch Loss: 0.000
Validation Epoch Loss: 0.299
Validation Cross Entropy Epoch Loss: 0.299
Validation val_edge_consistency_loss: 0.000
Water edge Accuarcy: 0.0
Validation SOD mIoU: 0.6211
Learning Rate: 9.99e-04
Early stopping counter: 1/30
100%|| 12/12 [00:30<00:00,  2.52s/it]
Train SOD mIoU: 0.7948
Train SOD IoU per class: tensor([0.8964, 0.7525, 0.7609, 0.6680, 0.8963], device='cuda:0')
Train SOD Precision per class: tensor([0.9194, 0.8764, 0.8787, 0.7945, 0.9548], device='cuda:0')
Train SOD Recall per class: tensor([0.9729, 0.8418, 0.8502, 0.8076, 0.9361], device='cuda:0')
Train SOD True class proportion: tensor([0.2825, 0.2025, 0.2054, 0.1177, 0.1919], device='cuda:0')
Train SOD Pred class proportion: tensor([0.2990, 0.1945, 0.1988, 0.1197, 0.1881], device='cuda:0')
Train SOD Normalized Confusion Matrix (row=true, col=pred):
tensor([[9.7293e-01, 1.9353e-02, 1.8505e-03, 4.8074e-03, 1.0622e-03],
        [6.7730e-02, 8.4179e-01, 3.1046e-02, 2.1256e-02, 3.8183e-02],
        [1.9489e-02, 3.8117e-02, 8.5024e-01, 9.0725e-02, 1.4250e-03],
        [1.8787e-02, 2.6360e-02, 1.4570e-01, 8.0761e-01, 1.5474e-03],
        [2.1777e-02, 3.9782e-02, 8.4289e-04, 1.5384e-03, 9.3606e-01]],
       device='cuda:0')
Validating...
  2%|▎                                                                                                                               | 5/200 [04:23<2:43:19, 50.25s/it]1.60s/it]
Computing Metrics on Val dataset

Epoch 4 score:
SOD f1_metric: 84.9729995727539%
SOD F1 score: tensor([0.9656, 0.7298, 0.3646, 0.6828, 0.9252], device='cuda:0')
SOD OA: 0.8459724187850952
SOD mIoU: tensor(0.6220, device='cuda:0')
SOD IoU per class: tensor([0.9336, 0.5745, 0.2229, 0.5184, 0.8608], device='cuda:0')
SOD Precision per class: tensor([0.9439, 0.8363, 0.2629, 0.8252, 0.8893], device='cuda:0')
SOD Recall per class: tensor([0.9884, 0.6473, 0.5945, 0.5824, 0.9641], device='cuda:0')
SOD True class proportion: tensor([0.4498, 0.1597, 0.0387, 0.1680, 0.1837], device='cuda:0')
SOD Pred class proportion: tensor([0.4710, 0.1236, 0.0876, 0.1186, 0.1992], device='cuda:0')
SOD Normalized Confusion Matrix (row=true, col=pred):
tensor([[9.8840e-01, 1.0749e-02, 9.5663e-07, 8.0357e-04, 4.3526e-05],
        [1.1382e-01, 6.4734e-01, 4.1115e-02, 6.1088e-02, 1.3664e-01],
        [7.0762e-02, 6.0963e-02, 5.9453e-01, 2.7374e-01, 0.0000e+00],
        [2.9277e-02, 4.1810e-02, 3.4529e-01, 5.8237e-01, 1.2598e-03],
        [3.1755e-03, 3.2755e-02, 0.0000e+00, 0.0000e+00, 9.6407e-01]],
       device='cuda:0')
SOD Train-Val IoU gap per class: tensor([-0.0371,  0.1779,  0.5380,  0.1496,  0.0356], device='cuda:0')
Combined score: 84.9729995727539%
Train Epoch Loss: 0.247
Train Cross Entropy Epoch Loss: 0.247
Train Water Consistency Epoch Loss: 0.000
Validation Epoch Loss: 0.301
Validation Cross Entropy Epoch Loss: 0.301
Validation val_edge_consistency_loss: 0.000
Water edge Accuarcy: 0.0
Validation SOD mIoU: 0.6220
Learning Rate: 9.98e-04
Early stopping counter: 2/30
100%|| 12/12 [00:29<00:00,  2.48s/it]
Train SOD mIoU: 0.7977
Train SOD IoU per class: tensor([0.9019, 0.7559, 0.7528, 0.6741, 0.9036], device='cuda:0')
Train SOD Precision per class: tensor([0.9229, 0.8755, 0.8723, 0.8004, 0.9610], device='cuda:0')
Train SOD Recall per class: tensor([0.9754, 0.8469, 0.8460, 0.8104, 0.9380], device='cuda:0')
Train SOD True class proportion: tensor([0.2781, 0.2009, 0.2081, 0.1226, 0.1903], device='cuda:0')
Train SOD Pred class proportion: tensor([0.2939, 0.1944, 0.2018, 0.1242, 0.1857], device='cuda:0')
Train SOD Normalized Confusion Matrix (row=true, col=pred):
tensor([[0.9754, 0.0185, 0.0020, 0.0030, 0.0011],
        [0.0640, 0.8469, 0.0374, 0.0201, 0.0317],
        [0.0163, 0.0418, 0.8460, 0.0944, 0.0016],
        [0.0175, 0.0271, 0.1430, 0.8104, 0.0021],
        [0.0224, 0.0371, 0.0010, 0.0014, 0.9380]], device='cuda:0')
Validating...
  3%|▉                                                                                                                               | 6/200 [05:13<2:42:11, 50.16s/it]1.57s/it]
Computing Metrics on Val dataset

Epoch 5 score:
SOD f1_metric: 85.33699798583984%
SOD F1 score: tensor([0.9609, 0.7216, 0.4210, 0.7126, 0.9245], device='cuda:0')
SOD OA: 0.8496311902999878
SOD mIoU: tensor(0.6338, device='cuda:0')
SOD IoU per class: tensor([0.9248, 0.5645, 0.2666, 0.5536, 0.8595], device='cuda:0')
SOD Precision per class: tensor([0.9529, 0.8172, 0.3037, 0.8523, 0.8703], device='cuda:0')
SOD Recall per class: tensor([0.9690, 0.6461, 0.6861, 0.6123, 0.9858], device='cuda:0')
SOD True class proportion: tensor([0.4498, 0.1597, 0.0387, 0.1680, 0.1837], device='cuda:0')
SOD Pred class proportion: tensor([0.4574, 0.1263, 0.0875, 0.1207, 0.2081], device='cuda:0')
SOD Normalized Confusion Matrix (row=true, col=pred):
tensor([[9.6904e-01, 3.0169e-02, 1.4349e-06, 7.4760e-04, 4.0657e-05],
        [8.7122e-02, 6.4608e-01, 4.6564e-02, 5.1891e-02, 1.6834e-01],
        [5.9275e-02, 1.7045e-02, 6.8607e-01, 2.3761e-01, 0.0000e+00],
        [2.6705e-02, 4.2040e-02, 3.1846e-01, 6.1231e-01, 4.8266e-04],
        [4.5045e-03, 9.6882e-03, 2.2247e-05, 0.0000e+00, 9.8579e-01]],
       device='cuda:0')
SOD Train-Val IoU gap per class: tensor([-0.0229,  0.1914,  0.4861,  0.1206,  0.0441], device='cuda:0')
Combined score: 85.33699798583984%
Train Epoch Loss: 0.233
Train Cross Entropy Epoch Loss: 0.233
Train Water Consistency Epoch Loss: 0.000
Validation Epoch Loss: 0.314
Validation Cross Entropy Epoch Loss: 0.314
Validation val_edge_consistency_loss: 0.000
Water edge Accuarcy: 0.0
Validation SOD mIoU: 0.6338
Learning Rate: 9.98e-04
Early stopping counter: 3/30
100%|| 12/12 [00:30<00:00,  2.55s/it]
Train SOD mIoU: 0.8247
Train SOD IoU per class: tensor([0.9040, 0.7723, 0.8154, 0.7276, 0.9043], device='cuda:0')
Train SOD Precision per class: tensor([0.9297, 0.8877, 0.9018, 0.8372, 0.9601], device='cuda:0')
Train SOD Recall per class: tensor([0.9704, 0.8560, 0.8949, 0.8475, 0.9396], device='cuda:0')
Train SOD True class proportion: tensor([0.2738, 0.2078, 0.2123, 0.1070, 0.1992], device='cuda:0')
Train SOD Pred class proportion: tensor([0.2858, 0.2004, 0.2106, 0.1083, 0.1949], device='cuda:0')
Train SOD Normalized Confusion Matrix (row=true, col=pred):
tensor([[0.9704, 0.0219, 0.0028, 0.0039, 0.0010],
        [0.0599, 0.8560, 0.0350, 0.0155, 0.0336],
        [0.0091, 0.0335, 0.8949, 0.0610, 0.0014],
        [0.0134, 0.0212, 0.1160, 0.8475, 0.0020],
        [0.0215, 0.0358, 0.0011, 0.0020, 0.9396]], device='cuda:0')
Validating...
  4%|▌                                                                                                                              | 7/200 [06:01<2:38:39, 49.32s/it]1.65s/it]
Computing Metrics on Val dataset

Epoch 6 score:
SOD f1_metric: 84.71199798583984%
SOD F1 score: tensor([0.9613, 0.7085, 0.3862, 0.6825, 0.9360], device='cuda:0')
SOD OA: 0.8439767956733704
SOD mIoU: tensor(0.6222, device='cuda:0')
SOD IoU per class: tensor([0.9254, 0.5486, 0.2393, 0.5180, 0.8796], device='cuda:0')
SOD Precision per class: tensor([0.9333, 0.8521, 0.2696, 0.8676, 0.8936], device='cuda:0')
SOD Recall per class: tensor([0.9910, 0.6063, 0.6805, 0.5625, 0.9826], device='cuda:0')
SOD True class proportion: tensor([0.4498, 0.1597, 0.0387, 0.1680, 0.1837], device='cuda:0')
SOD Pred class proportion: tensor([0.4776, 0.1136, 0.0978, 0.1089, 0.2020], device='cuda:0')
SOD Normalized Confusion Matrix (row=true, col=pred):
tensor([[9.9102e-01, 7.8529e-03, 0.0000e+00, 1.0623e-03, 6.6964e-05],
        [1.5408e-01, 6.0626e-01, 5.9693e-02, 4.6365e-02, 1.3359e-01],
        [6.8075e-02, 8.2622e-02, 6.8045e-01, 1.6885e-01, 0.0000e+00],
        [2.4095e-02, 4.4319e-02, 3.6830e-01, 5.6247e-01, 8.1809e-04],
        [3.1474e-03, 1.4262e-02, 0.0000e+00, 0.0000e+00, 9.8259e-01]],
       device='cuda:0')
SOD Train-Val IoU gap per class: tensor([-0.0214,  0.2238,  0.5761,  0.2096,  0.0246], device='cuda:0')
Combined score: 84.71199798583984%
Train Epoch Loss: 0.210
Train Cross Entropy Epoch Loss: 0.210
Train Water Consistency Epoch Loss: 0.000
Validation Epoch Loss: 0.345
Validation Cross Entropy Epoch Loss: 0.345
Validation val_edge_consistency_loss: 0.000
Water edge Accuarcy: 0.0
Validation SOD mIoU: 0.6222
Learning Rate: 9.97e-04
Early stopping counter: 4/30
100%|| 12/12 [00:30<00:00,  2.51s/it]
Train SOD mIoU: 0.8461
Train SOD IoU per class: tensor([0.9170, 0.7914, 0.8327, 0.7766, 0.9126], device='cuda:0')
Train SOD Precision per class: tensor([0.9396, 0.8994, 0.9153, 0.8694, 0.9588], device='cuda:0')
Train SOD Recall per class: tensor([0.9745, 0.8682, 0.9022, 0.8792, 0.9499], device='cuda:0')
Train SOD True class proportion: tensor([0.2826, 0.2048, 0.2075, 0.1171, 0.1880], device='cuda:0')
Train SOD Pred class proportion: tensor([0.2931, 0.1977, 0.2046, 0.1184, 0.1862], device='cuda:0')
Train SOD Normalized Confusion Matrix (row=true, col=pred):
tensor([[0.9745, 0.0198, 0.0022, 0.0023, 0.0012],
        [0.0577, 0.8682, 0.0287, 0.0123, 0.0330],
        [0.0073, 0.0312, 0.9022, 0.0577, 0.0016],
        [0.0094, 0.0192, 0.0903, 0.8792, 0.0020],
        [0.0175, 0.0295, 0.0015, 0.0016, 0.9499]], device='cuda:0')
Validating...
  4%|▏                                                                                                                             | 8/200 [06:51<2:38:16, 49.46s/it]1.56s/it]
Computing Metrics on Val dataset

Epoch 7 score:
SOD f1_metric: 82.57599639892578%
SOD F1 score: tensor([0.9575, 0.7101, 0.2918, 0.5955, 0.9271], device='cuda:0')
SOD OA: 0.8208907842636108
SOD mIoU: tensor(0.5856, device='cuda:0')
SOD IoU per class: tensor([0.9184, 0.5505, 0.1708, 0.4240, 0.8640], device='cuda:0')
SOD Precision per class: tensor([0.9348, 0.7677, 0.2000, 0.8663, 0.8939], device='cuda:0')
SOD Recall per class: tensor([0.9813, 0.6605, 0.5396, 0.4537, 0.9628], device='cuda:0')
SOD True class proportion: tensor([0.4498, 0.1597, 0.0387, 0.1680, 0.1837], device='cuda:0')
SOD Pred class proportion: tensor([0.4722, 0.1374, 0.1045, 0.0880, 0.1979], device='cuda:0')
SOD Normalized Confusion Matrix (row=true, col=pred):
tensor([[9.8131e-01, 1.7543e-02, 4.7831e-07, 1.1173e-03, 2.5351e-05],
        [1.3049e-01, 6.6051e-01, 4.4393e-02, 3.5818e-02, 1.2879e-01],
        [1.1367e-01, 2.0372e-01, 5.3962e-01, 1.4298e-01, 0.0000e+00],
        [2.8969e-02, 5.9348e-02, 4.5555e-01, 4.5366e-01, 2.4709e-03],
        [3.6942e-03, 3.3546e-02, 0.0000e+00, 0.0000e+00, 9.6276e-01]],
       device='cuda:0')
SOD Train-Val IoU gap per class: tensor([-0.0014,  0.2409,  0.6618,  0.3527,  0.0486], device='cuda:0')
Combined score: 82.57599639892578%
Train Epoch Loss: 0.192
Train Cross Entropy Epoch Loss: 0.192
Train Water Consistency Epoch Loss: 0.000
Validation Epoch Loss: 0.374
Validation Cross Entropy Epoch Loss: 0.374
Validation val_edge_consistency_loss: 0.000
Water edge Accuarcy: 0.0
Validation SOD mIoU: 0.5856
Learning Rate: 9.96e-04
Early stopping counter: 5/30
100%|| 12/12 [00:30<00:00,  2.54s/it]
Train SOD mIoU: 0.8442
Train SOD IoU per class: tensor([0.9135, 0.7937, 0.8364, 0.7613, 0.9160], device='cuda:0')
Train SOD Precision per class: tensor([0.9341, 0.9041, 0.9198, 0.8488, 0.9656], device='cuda:0')
Train SOD Recall per class: tensor([0.9764, 0.8667, 0.9023, 0.8807, 0.9470], device='cuda:0')
Train SOD True class proportion: tensor([0.2683, 0.2052, 0.2160, 0.1133, 0.1972], device='cuda:0')
Train SOD Pred class proportion: tensor([0.2804, 0.1968, 0.2119, 0.1175, 0.1934], device='cuda:0')
Train SOD Normalized Confusion Matrix (row=true, col=pred):
tensor([[9.7640e-01, 1.7366e-02, 1.7011e-03, 3.7771e-03, 7.5793e-04],
        [5.7468e-02, 8.6671e-01, 3.1650e-02, 1.5071e-02, 2.9103e-02],
        [8.4357e-03, 2.6528e-02, 9.0226e-01, 6.1430e-02, 1.3423e-03],
        [1.2269e-02, 1.8712e-02, 8.6655e-02, 8.8071e-01, 1.6584e-03],
        [1.7569e-02, 3.2288e-02, 1.1773e-03, 2.0078e-03, 9.4696e-01]],
       device='cuda:0')
Validating...
100%|| 12/12 [00:30<00:00,  1.62s/it]
Computing Metrics on Val dataset

Epoch 8 score:
SOD f1_metric: 86.70800018310547%
SOD F1 score: tensor([0.9641, 0.7483, 0.4629, 0.7470, 0.9277], device='cuda:0')
SOD OA: 0.8629496097564697
SOD mIoU: tensor(0.6582, device='cuda:0')
SOD IoU per class: tensor([0.9308, 0.5979, 0.3012, 0.5962, 0.8652], device='cuda:0')
SOD Precision per class: tensor([0.9452, 0.8086, 0.3367, 0.8974, 0.9143], device='cuda:0')
SOD Recall per class: tensor([0.9838, 0.6965, 0.7407, 0.6398, 0.9416], device='cuda:0')
SOD True class proportion: tensor([0.4498, 0.1597, 0.0387, 0.1680, 0.1837], device='cuda:0')
SOD Pred class proportion: tensor([0.4682, 0.1376, 0.0853, 0.1198, 0.1892], device='cuda:0')
SOD Normalized Confusion Matrix (row=true, col=pred):
tensor([[9.8384e-01, 1.5019e-02, 0.0000e+00, 1.1087e-03, 2.9655e-05],
        [1.1008e-01, 6.9646e-01, 5.2653e-02, 4.1673e-02, 9.9140e-02],
        [9.0833e-02, 3.6000e-02, 7.4072e-01, 1.3245e-01, 0.0000e+00],
        [2.4607e-02, 4.6895e-02, 2.8650e-01, 6.3976e-01, 2.2379e-03],
        [2.3020e-03, 5.6080e-02, 0.0000e+00, 0.0000e+00, 9.4162e-01]],
       device='cuda:0')
SOD Train-Val IoU gap per class: tensor([-0.0172,  0.1958,  0.5353,  0.1651,  0.0508], device='cuda:0')
Combined score: 86.70800018310547%
Train Epoch Loss: 0.188
Train Cross Entropy Epoch Loss: 0.188
Train Water Consistency Epoch Loss: 0.000
Validation Epoch Loss: 0.321
Validation Cross Entropy Epoch Loss: 0.321
Validation val_edge_consistency_loss: 0.000
Water edge Accuarcy: 0.0
Validation SOD mIoU: 0.6582
Learning Rate: 9.95e-04
saving model....
model saved successfully at ./work_dirs/My_DS29_Swin/best_model_My_DS29_Swin.pth
100%|| 12/12 [00:29<00:00,  2.47s/it]
Train SOD mIoU: 0.8691
Train SOD IoU per class: tensor([0.9275, 0.8135, 0.8579, 0.8201, 0.9267], device='cuda:0')
Train SOD Precision per class: tensor([0.9459, 0.9187, 0.9317, 0.8860, 0.9644], device='cuda:0')
Train SOD Recall per class: tensor([0.9795, 0.8766, 0.9155, 0.9168, 0.9595], device='cuda:0')
Train SOD True class proportion: tensor([0.2711, 0.2025, 0.2150, 0.1244, 0.1870], device='cuda:0')
Train SOD Pred class proportion: tensor([0.2808, 0.1932, 0.2113, 0.1288, 0.1860], device='cuda:0')
Train SOD Normalized Confusion Matrix (row=true, col=pred):
tensor([[0.9795, 0.0155, 0.0016, 0.0023, 0.0011],
        [0.0492, 0.8766, 0.0320, 0.0140, 0.0284],
        [0.0084, 0.0238, 0.9155, 0.0506, 0.0017],
        [0.0077, 0.0152, 0.0584, 0.9168, 0.0019],
        [0.0133, 0.0240, 0.0014, 0.0018, 0.9595]], device='cuda:0')
Validating...
  5%|▌                                                                                                                           | 10/200 [08:32<2:38:23, 50.02s/it]1.59s/it]
Computing Metrics on Val dataset

Epoch 9 score:
SOD f1_metric: 83.13300323486328%
SOD F1 score: tensor([0.9646, 0.7051, 0.4093, 0.7022, 0.8220], device='cuda:0')
SOD OA: 0.8221704363822937
SOD mIoU: tensor(0.5945, device='cuda:0')
SOD IoU per class: tensor([0.9315, 0.5445, 0.2573, 0.5410, 0.6979], device='cuda:0')
SOD Precision per class: tensor([0.9439, 0.6308, 0.2858, 0.9406, 0.9923], device='cuda:0')
SOD Recall per class: tensor([0.9861, 0.7993, 0.7209, 0.5602, 0.7017], device='cuda:0')
SOD True class proportion: tensor([0.4498, 0.1597, 0.0387, 0.1680, 0.1837], device='cuda:0')
SOD Pred class proportion: tensor([0.4699, 0.2024, 0.0977, 0.1001, 0.1299], device='cuda:0')
SOD Normalized Confusion Matrix (row=true, col=pred):
tensor([[9.8613e-01, 1.3435e-02, 0.0000e+00, 4.3431e-04, 0.0000e+00],
        [1.1982e-01, 7.9929e-01, 5.3995e-02, 2.1478e-02, 5.4195e-03],
        [7.6831e-02, 1.4237e-01, 7.2090e-01, 5.9902e-02, 0.0000e+00],
        [2.3552e-02, 5.1432e-02, 3.6404e-01, 5.6016e-01, 8.1809e-04],
        [1.5948e-03, 2.9673e-01, 0.0000e+00, 0.0000e+00, 7.0167e-01]],
       device='cuda:0')
SOD Train-Val IoU gap per class: tensor([-0.0040,  0.2690,  0.6006,  0.2791,  0.2288], device='cuda:0')
Combined score: 83.13300323486328%
Train Epoch Loss: 0.164
Train Cross Entropy Epoch Loss: 0.164
Train Water Consistency Epoch Loss: 0.000
Validation Epoch Loss: 0.385
Validation Cross Entropy Epoch Loss: 0.385
Validation val_edge_consistency_loss: 0.000
Water edge Accuarcy: 0.0
Validation SOD mIoU: 0.5945
Learning Rate: 9.94e-04
Early stopping counter: 1/30
100%|| 12/12 [00:29<00:00,  2.49s/it]
Train SOD mIoU: 0.8707
Train SOD IoU per class: tensor([0.9275, 0.8138, 0.8602, 0.8216, 0.9303], device='cuda:0')
Train SOD Precision per class: tensor([0.9505, 0.9133, 0.9343, 0.8837, 0.9668], device='cuda:0')
Train SOD Recall per class: tensor([0.9745, 0.8820, 0.9157, 0.9213, 0.9610], device='cuda:0')
Train SOD True class proportion: tensor([0.2689, 0.2012, 0.2071, 0.1270, 0.1957], device='cuda:0')
Train SOD Pred class proportion: tensor([0.2757, 0.1943, 0.2030, 0.1324, 0.1946], device='cuda:0')
Train SOD Normalized Confusion Matrix (row=true, col=pred):
tensor([[0.9745, 0.0187, 0.0021, 0.0036, 0.0010],
        [0.0469, 0.8820, 0.0276, 0.0155, 0.0280],
        [0.0061, 0.0240, 0.9157, 0.0527, 0.0016],
        [0.0064, 0.0157, 0.0548, 0.9213, 0.0018],
        [0.0109, 0.0248, 0.0012, 0.0021, 0.9610]], device='cuda:0')
Validating...
  6%|▏                                                                                                                          | 11/200 [09:21<2:36:33, 49.70s/it]1.66s/it]
Computing Metrics on Val dataset

Epoch 10 score:
SOD f1_metric: 84.50800323486328%
SOD F1 score: tensor([0.9678, 0.7096, 0.3741, 0.7827, 0.8187], device='cuda:0')
SOD OA: 0.8368085026741028
SOD mIoU: tensor(0.6107, device='cuda:0')
SOD IoU per class: tensor([0.9377, 0.5499, 0.2301, 0.6429, 0.6931], device='cuda:0')
SOD Precision per class: tensor([0.9601, 0.6237, 0.2918, 0.9079, 0.9639], device='cuda:0')
SOD Recall per class: tensor([0.9758, 0.8230, 0.5211, 0.6878, 0.7116], device='cuda:0')
SOD True class proportion: tensor([0.4498, 0.1597, 0.0387, 0.1680, 0.1837], device='cuda:0')
SOD Pred class proportion: tensor([0.4571, 0.2107, 0.0692, 0.1273, 0.1356], device='cuda:0')
SOD Normalized Confusion Matrix (row=true, col=pred):
tensor([[9.7576e-01, 2.3098e-02, 0.0000e+00, 1.1393e-03, 0.0000e+00],
        [7.2265e-02, 8.2298e-01, 5.0983e-02, 2.4821e-02, 2.8956e-02],
        [9.3693e-02, 1.9830e-01, 5.2114e-01, 1.8687e-01, 0.0000e+00],
        [1.7473e-02, 4.9882e-02, 2.4324e-01, 6.8775e-01, 1.6503e-03],
        [8.1964e-04, 2.8761e-01, 0.0000e+00, 0.0000e+00, 7.1157e-01]],
       device='cuda:0')
SOD Train-Val IoU gap per class: tensor([-0.0102,  0.2639,  0.6302,  0.1787,  0.2372], device='cuda:0')
Combined score: 84.50800323486328%
Train Epoch Loss: 0.158
Train Cross Entropy Epoch Loss: 0.158
Train Water Consistency Epoch Loss: 0.000
Validation Epoch Loss: 0.357
Validation Cross Entropy Epoch Loss: 0.357
Validation val_edge_consistency_loss: 0.000
Water edge Accuarcy: 0.0
Validation SOD mIoU: 0.6107
Learning Rate: 9.93e-04
Early stopping counter: 2/30
100%|| 12/12 [00:30<00:00,  2.52s/it]
Train SOD mIoU: 0.8880
Train SOD IoU per class: tensor([0.9355, 0.8364, 0.8814, 0.8430, 0.9437], device='cuda:0')
Train SOD Precision per class: tensor([0.9560, 0.9272, 0.9452, 0.8973, 0.9722], device='cuda:0')
Train SOD Recall per class: tensor([0.9776, 0.8952, 0.9289, 0.9329, 0.9698], device='cuda:0')
Train SOD True class proportion: tensor([0.2759, 0.2000, 0.2105, 0.1200, 0.1936], device='cuda:0')
Train SOD Pred class proportion: tensor([0.2821, 0.1931, 0.2069, 0.1248, 0.1931], device='cuda:0')
Train SOD Normalized Confusion Matrix (row=true, col=pred):
tensor([[0.9776, 0.0172, 0.0013, 0.0026, 0.0013],
        [0.0462, 0.8952, 0.0247, 0.0116, 0.0222],
        [0.0052, 0.0190, 0.9289, 0.0450, 0.0018],
        [0.0049, 0.0124, 0.0483, 0.9329, 0.0015],
        [0.0077, 0.0197, 0.0012, 0.0016, 0.9698]], device='cuda:0')
Validating...
  6%|▊                                                                                                                          | 12/200 [10:08<2:32:56, 48.81s/it]1.63s/it]
Computing Metrics on Val dataset

Epoch 11 score:
SOD f1_metric: 83.75299835205078%
SOD F1 score: tensor([0.9616, 0.7333, 0.2564, 0.6450, 0.9231], device='cuda:0')
SOD OA: 0.8315370082855225
SOD mIoU: tensor(0.5970, device='cuda:0')
SOD IoU per class: tensor([0.9260, 0.5789, 0.1471, 0.4760, 0.8571], device='cuda:0')
SOD Precision per class: tensor([0.9371, 0.8036, 0.1819, 0.8470, 0.8936], device='cuda:0')
SOD Recall per class: tensor([0.9874, 0.6744, 0.4340, 0.5208, 0.9545], device='cuda:0')
SOD True class proportion: tensor([0.4498, 0.1597, 0.0387, 0.1680, 0.1837], device='cuda:0')
SOD Pred class proportion: tensor([0.4740, 0.1340, 0.0924, 0.1033, 0.1963], device='cuda:0')
SOD Normalized Confusion Matrix (row=true, col=pred):
tensor([[9.8743e-01, 9.0817e-03, 0.0000e+00, 7.3517e-04, 2.7522e-03],
        [1.2747e-01, 6.7438e-01, 5.0509e-02, 2.5764e-02, 1.2189e-01],
        [1.3336e-01, 1.3928e-01, 4.3405e-01, 2.9332e-01, 0.0000e+00],
        [2.3382e-02, 5.2779e-02, 4.0200e-01, 5.2081e-01, 1.0281e-03],
        [2.0667e-03, 4.3404e-02, 0.0000e+00, 1.1709e-06, 9.5453e-01]],
       device='cuda:0')
SOD Train-Val IoU gap per class: tensor([0.0095, 0.2575, 0.7344, 0.3669, 0.0866], device='cuda:0')
Combined score: 83.75299835205078%
Train Epoch Loss: 0.139
Train Cross Entropy Epoch Loss: 0.139
Train Water Consistency Epoch Loss: 0.000
Validation Epoch Loss: 0.378
Validation Cross Entropy Epoch Loss: 0.378
Validation val_edge_consistency_loss: 0.000
Water edge Accuarcy: 0.0
Validation SOD mIoU: 0.5970
Learning Rate: 9.91e-04
Early stopping counter: 3/30
100%|| 12/12 [00:30<00:00,  2.52s/it]
Train SOD mIoU: 0.8893
Train SOD IoU per class: tensor([0.9423, 0.8395, 0.8779, 0.8404, 0.9465], device='cuda:0')
Train SOD Precision per class: tensor([0.9623, 0.9203, 0.9472, 0.8972, 0.9745], device='cuda:0')
Train SOD Recall per class: tensor([0.9784, 0.9054, 0.9230, 0.9300, 0.9705], device='cuda:0')
Train SOD True class proportion: tensor([0.2844, 0.1899, 0.2095, 0.1227, 0.1935], device='cuda:0')
Train SOD Pred class proportion: tensor([0.2892, 0.1868, 0.2042, 0.1272, 0.1927], device='cuda:0')
Train SOD Normalized Confusion Matrix (row=true, col=pred):
tensor([[0.9784, 0.0167, 0.0015, 0.0023, 0.0012],
        [0.0413, 0.9054, 0.0204, 0.0118, 0.0211],
        [0.0053, 0.0226, 0.9230, 0.0472, 0.0018],
        [0.0047, 0.0129, 0.0510, 0.9300, 0.0015],
        [0.0070, 0.0197, 0.0012, 0.0015, 0.9705]], device='cuda:0')
Validating...
  6%|▍                                                                                                                         | 13/200 [10:57<2:33:00, 49.10s/it]1.61s/it]
Computing Metrics on Val dataset

Epoch 12 score:
SOD f1_metric: 85.13200378417969%
SOD F1 score: tensor([0.9613, 0.7137, 0.3295, 0.7238, 0.9285], device='cuda:0')
SOD OA: 0.8503502011299133
SOD mIoU: tensor(0.6222, device='cuda:0')
SOD IoU per class: tensor([0.9255, 0.5548, 0.1973, 0.5671, 0.8665], device='cuda:0')
SOD Precision per class: tensor([0.9390, 0.8613, 0.2541, 0.8146, 0.8711], device='cuda:0')
SOD Recall per class: tensor([0.9846, 0.6092, 0.4687, 0.6512, 0.9939], device='cuda:0')
SOD True class proportion: tensor([0.4498, 0.1597, 0.0387, 0.1680, 0.1837], device='cuda:0')
SOD Pred class proportion: tensor([0.4716, 0.1130, 0.0715, 0.1343, 0.2096], device='cuda:0')
SOD Normalized Confusion Matrix (row=true, col=pred):
tensor([[9.8461e-01, 1.4324e-02, 0.0000e+00, 1.0465e-03, 2.1524e-05],
        [1.3035e-01, 6.0924e-01, 3.2946e-02, 6.1450e-02, 1.6602e-01],
        [8.3482e-02, 7.0585e-02, 4.6867e-01, 3.7726e-01, 0.0000e+00],
        [2.5581e-02, 3.4314e-02, 2.8598e-01, 6.5119e-01, 2.9318e-03],
        [2.1510e-03, 3.9472e-03, 0.0000e+00, 0.0000e+00, 9.9390e-01]],
       device='cuda:0')
SOD Train-Val IoU gap per class: tensor([0.0168, 0.2847, 0.6806, 0.2733, 0.0800], device='cuda:0')
Combined score: 85.13200378417969%
Train Epoch Loss: 0.135
Train Cross Entropy Epoch Loss: 0.135
Train Water Consistency Epoch Loss: 0.000
Validation Epoch Loss: 0.316
Validation Cross Entropy Epoch Loss: 0.316
Validation val_edge_consistency_loss: 0.000
Water edge Accuarcy: 0.0
Validation SOD mIoU: 0.6222
Learning Rate: 9.90e-04
Early stopping counter: 4/30
100%|| 12/12 [00:29<00:00,  2.48s/it]
Train SOD mIoU: 0.8953
Train SOD IoU per class: tensor([0.9419, 0.8425, 0.8955, 0.8626, 0.9338], device='cuda:0')
Train SOD Precision per class: tensor([0.9607, 0.9245, 0.9511, 0.9147, 0.9694], device='cuda:0')
Train SOD Recall per class: tensor([0.9796, 0.9048, 0.9387, 0.9381, 0.9622], device='cuda:0')
Train SOD True class proportion: tensor([0.2759, 0.2067, 0.2052, 0.1198, 0.1924], device='cuda:0')
Train SOD Pred class proportion: tensor([0.2814, 0.2023, 0.2025, 0.1229, 0.1910], device='cuda:0')
Train SOD Normalized Confusion Matrix (row=true, col=pred):
tensor([[0.9796, 0.0157, 0.0013, 0.0022, 0.0011],
        [0.0396, 0.9048, 0.0207, 0.0109, 0.0241],
        [0.0050, 0.0186, 0.9387, 0.0359, 0.0018],
        [0.0043, 0.0146, 0.0413, 0.9381, 0.0016],
        [0.0069, 0.0280, 0.0016, 0.0013, 0.9622]], device='cuda:0')
Validating...
  7%|                                                                                                                         | 14/200 [11:48<2:34:06, 49.71s/it]1.60s/it]
Computing Metrics on Val dataset

Epoch 13 score:
SOD f1_metric: 82.73699951171875%
SOD F1 score: tensor([0.9559, 0.7034, 0.2693, 0.6379, 0.9115], device='cuda:0')
SOD OA: 0.8223119974136353
SOD mIoU: tensor(0.5839, device='cuda:0')
SOD IoU per class: tensor([0.9156, 0.5425, 0.1556, 0.4683, 0.8373], device='cuda:0')
SOD Precision per class: tensor([0.9409, 0.7795, 0.1918, 0.8253, 0.8596], device='cuda:0')
SOD Recall per class: tensor([0.9714, 0.6408, 0.4516, 0.5198, 0.9700], device='cuda:0')
SOD True class proportion: tensor([0.4498, 0.1597, 0.0387, 0.1680, 0.1837], device='cuda:0')
SOD Pred class proportion: tensor([0.4643, 0.1313, 0.0912, 0.1058, 0.2073], device='cuda:0')
SOD Normalized Confusion Matrix (row=true, col=pred):
tensor([[9.7139e-01, 2.4223e-02, 0.0000e+00, 8.5857e-04, 3.5280e-03],
        [1.3008e-01, 6.4079e-01, 2.8947e-02, 2.9445e-02, 1.7074e-01],
        [6.5421e-02, 1.3713e-01, 4.5161e-01, 3.4584e-01, 0.0000e+00],
        [2.2808e-02, 4.4625e-02, 4.1123e-01, 5.1984e-01, 1.4877e-03],
        [1.5538e-03, 2.8486e-02, 0.0000e+00, 0.0000e+00, 9.6996e-01]],
       device='cuda:0')
SOD Train-Val IoU gap per class: tensor([0.0264, 0.3000, 0.7399, 0.3943, 0.0965], device='cuda:0')
Combined score: 82.73699951171875%
Train Epoch Loss: 0.132
Train Cross Entropy Epoch Loss: 0.132
Train Water Consistency Epoch Loss: 0.000
Validation Epoch Loss: 0.373
Validation Cross Entropy Epoch Loss: 0.373
Validation val_edge_consistency_loss: 0.000
Water edge Accuarcy: 0.0
Validation SOD mIoU: 0.5839
Learning Rate: 9.88e-04
Early stopping counter: 5/30
100%|| 12/12 [00:28<00:00,  2.40s/it]
Train SOD mIoU: 0.9016
Train SOD IoU per class: tensor([0.9478, 0.8576, 0.8960, 0.8564, 0.9504], device='cuda:0')
Train SOD Precision per class: tensor([0.9641, 0.9379, 0.9541, 0.9045, 0.9741], device='cuda:0')
Train SOD Recall per class: tensor([0.9824, 0.9092, 0.9364, 0.9415, 0.9750], device='cuda:0')
Train SOD True class proportion: tensor([0.2841, 0.2032, 0.2099, 0.1102, 0.1927], device='cuda:0')
Train SOD Pred class proportion: tensor([0.2894, 0.1970, 0.2060, 0.1147, 0.1929], device='cuda:0')
Train SOD Normalized Confusion Matrix (row=true, col=pred):
tensor([[0.9824, 0.0133, 0.0012, 0.0019, 0.0011],
        [0.0380, 0.9092, 0.0209, 0.0115, 0.0204],
        [0.0052, 0.0194, 0.9364, 0.0372, 0.0017],
        [0.0042, 0.0112, 0.0414, 0.9415, 0.0016],
        [0.0057, 0.0163, 0.0016, 0.0014, 0.9750]], device='cuda:0')
Validating...
100%|| 12/12 [00:28<00:00,  1.53s/it]
Computing Metrics on Val dataset

Epoch 14 score:
SOD f1_metric: 87.17500305175781%
SOD F1 score: tensor([0.9675, 0.7799, 0.3958, 0.7261, 0.9509], device='cuda:0')
SOD OA: 0.8666320443153381
SOD mIoU: tensor(0.6599, device='cuda:0')
SOD IoU per class: tensor([0.9370, 0.6392, 0.2468, 0.5700, 0.9064], device='cuda:0')
SOD Precision per class: tensor([0.9522, 0.8411, 0.2911, 0.8569, 0.9312], device='cuda:0')
SOD Recall per class: tensor([0.9832, 0.7269, 0.6186, 0.6299, 0.9715], device='cuda:0')
SOD True class proportion: tensor([0.4498, 0.1597, 0.0387, 0.1680, 0.1837], device='cuda:0')
SOD Pred class proportion: tensor([0.4644, 0.1380, 0.0824, 0.1235, 0.1917], device='cuda:0')
SOD Normalized Confusion Matrix (row=true, col=pred):
tensor([[9.8319e-01, 1.6194e-02, 0.0000e+00, 6.0076e-04, 1.7698e-05],
        [9.5742e-02, 7.2691e-01, 4.2842e-02, 5.5027e-02, 7.9480e-02],
        [8.4843e-02, 7.4327e-02, 6.1857e-01, 2.2226e-01, 0.0000e+00],
        [2.0140e-02, 4.0263e-02, 3.0671e-01, 6.2994e-01, 2.9485e-03],
        [1.2576e-03, 2.7197e-02, 1.1709e-06, 0.0000e+00, 9.7154e-01]],
       device='cuda:0')
SOD Train-Val IoU gap per class: tensor([0.0108, 0.2184, 0.6493, 0.2864, 0.0439], device='cuda:0')
Combined score: 87.17500305175781%
Train Epoch Loss: 0.126
Train Cross Entropy Epoch Loss: 0.126
Train Water Consistency Epoch Loss: 0.000
Validation Epoch Loss: 0.303
Validation Cross Entropy Epoch Loss: 0.303
Validation val_edge_consistency_loss: 0.000
Water edge Accuarcy: 0.0
Validation SOD mIoU: 0.6599
Learning Rate: 9.86e-04
saving model....
