        [7.2442e-02, 1.1688e-01, 5.1629e-01, 2.8870e-01, 5.6964e-03],
        [2.0158e-02, 2.7294e-02, 3.0250e-02, 9.1244e-01, 9.8611e-03],
        [8.4660e-03, 1.2775e-02, 2.7601e-04, 3.5815e-04, 9.7812e-01]],
       device='cuda:0')
SOD Train-Val IoU gap per class: tensor([0.0193, 0.2945, 0.1741, 0.1408, 0.0609], device='cuda:0')
Combined score: 76.4020004272461%
Train Epoch Loss: 0.276
Train Cross Entropy Epoch Loss: 0.276
Train Water Consistency Epoch Loss: 0.000
Validation Epoch Loss: 0.426
Validation Cross Entropy Epoch Loss: 0.426
Validation val_edge_consistency_loss: 0.000
Water edge Accuarcy: 0.0
Validation SOD mIoU: 0.5982
Learning Rate: 9.68e-05
Early stopping counter: 5/30
100%|| 16/16 [00:47<00:00,  2.97s/it]
Train SOD mIoU: 0.7435
Train SOD IoU per class: tensor([0.8253, 0.6279, 0.6716, 0.7318, 0.8609], device='cuda:0')
Train SOD Precision per class: tensor([0.8612, 0.8444, 0.7439, 0.9042, 0.9331], device='cuda:0')
Train SOD Recall per class: tensor([0.9518, 0.7100, 0.8735, 0.7933, 0.9176], device='cuda:0')
Train SOD True class proportion: tensor([0.2249, 0.2291, 0.1999, 0.1533, 0.1928], device='cuda:0')
Train SOD Pred class proportion: tensor([0.2486, 0.1926, 0.2347, 0.1345, 0.1896], device='cuda:0')
Train SOD Normalized Confusion Matrix (row=true, col=pred):
tensor([[9.5184e-01, 3.1724e-02, 8.7157e-03, 6.7917e-03, 9.2371e-04],
        [9.0447e-02, 7.0998e-01, 1.3398e-01, 1.8421e-02, 4.7165e-02],
        [2.2591e-02, 6.2829e-02, 8.7349e-01, 3.3737e-02, 7.3529e-03],
        [1.8781e-02, 2.3926e-02, 1.6262e-01, 7.9334e-01, 1.3337e-03],
        [3.3104e-02, 3.4233e-02, 1.3062e-02, 2.0294e-03, 9.1757e-01]],
       device='cuda:0')
Validating...
 12%|▏                                                                                                                                                   | 24/200 [25:55<3:01:49, 61.98s/it]2.38s/it]
Computing Metrics on Val dataset

Epoch 23 score:
SOD f1_metric: 74.76599884033203%
SOD F1 score: tensor([0.8449, 0.5288, 0.5719, 0.7684, 0.9445], device='cuda:0')
SOD OA: 0.7471129894256592
SOD mIoU: tensor(0.6020, device='cuda:0')
SOD IoU per class: tensor([0.7314, 0.3594, 0.4005, 0.6239, 0.8948], device='cuda:0')
SOD Precision per class: tensor([0.8847, 0.4251, 0.8743, 0.6719, 0.9277], device='cuda:0')
SOD Recall per class: tensor([0.8085, 0.6992, 0.4249, 0.8972, 0.9618], device='cuda:0')
SOD True class proportion: tensor([0.3607, 0.1373, 0.2131, 0.1388, 0.1502], device='cuda:0')
SOD Pred class proportion: tensor([0.3296, 0.2258, 0.1036, 0.1854, 0.1557], device='cuda:0')
SOD Normalized Confusion Matrix (row=true, col=pred):
tensor([[8.0853e-01, 1.7912e-01, 6.4767e-03, 3.3111e-04, 5.5393e-03],
        [8.8226e-02, 6.9920e-01, 6.3683e-02, 8.5945e-02, 6.2946e-02],
        [1.0388e-01, 2.4092e-01, 4.2494e-01, 2.2939e-01, 8.6706e-04],
        [2.2010e-02, 6.3775e-02, 1.3933e-02, 8.9718e-01, 3.1054e-03],
        [4.7929e-03, 3.3189e-02, 6.7207e-05, 1.0225e-04, 9.6185e-01]],
       device='cuda:0')
SOD Train-Val IoU gap per class: tensor([ 0.0938,  0.2685,  0.2711,  0.1080, -0.0339], device='cuda:0')
Combined score: 74.76599884033203%
Train Epoch Loss: 0.285
Train Cross Entropy Epoch Loss: 0.285
Train Water Consistency Epoch Loss: 0.000
Validation Epoch Loss: 0.483
Validation Cross Entropy Epoch Loss: 0.483
Validation val_edge_consistency_loss: 0.000
Water edge Accuarcy: 0.0
Validation SOD mIoU: 0.6020
Learning Rate: 9.65e-05
Early stopping counter: 6/30
100%|| 16/16 [00:46<00:00,  2.93s/it]
Train SOD mIoU: 0.7321
Train SOD IoU per class: tensor([0.8309, 0.6212, 0.6483, 0.7097, 0.8501], device='cuda:0')
Train SOD Precision per class: tensor([0.8574, 0.8537, 0.7150, 0.9204, 0.9090], device='cuda:0')
Train SOD Recall per class: tensor([0.9642, 0.6952, 0.8741, 0.7561, 0.9293], device='cuda:0')
Train SOD True class proportion: tensor([0.2141, 0.2393, 0.1939, 0.1657, 0.1870], device='cuda:0')
Train SOD Pred class proportion: tensor([0.2408, 0.1949, 0.2370, 0.1361, 0.1912], device='cuda:0')
Train SOD Normalized Confusion Matrix (row=true, col=pred):
tensor([[9.6422e-01, 2.3159e-02, 8.7532e-03, 3.3316e-03, 5.3960e-04],
        [9.0156e-02, 6.9520e-01, 1.2970e-01, 2.0059e-02, 6.4882e-02],
        [2.0959e-02, 7.2824e-02, 8.7413e-01, 2.4292e-02, 7.7913e-03],
        [1.7422e-02, 2.6112e-02, 1.9879e-01, 7.5612e-01, 1.5546e-03],
        [3.1125e-02, 2.7271e-02, 9.0667e-03, 3.2679e-03, 9.2927e-01]],
       device='cuda:0')
Validating...
 12%|                                                                                                                                                   | 25/200 [26:56<3:00:21, 61.84s/it]2.41s/it]
Computing Metrics on Val dataset

Epoch 24 score:
SOD f1_metric: 74.552001953125%
SOD F1 score: tensor([0.9455, 0.5646, 0.5986, 0.6884, 0.6918], device='cuda:0')
SOD OA: 0.74678635597229
SOD mIoU: tensor(0.5542, device='cuda:0')
SOD IoU per class: tensor([0.8967, 0.3933, 0.4272, 0.5248, 0.5289], device='cuda:0')
SOD Precision per class: tensor([0.9313, 0.4770, 0.7925, 0.5642, 0.9736], device='cuda:0')
SOD Recall per class: tensor([0.9602, 0.6915, 0.4810, 0.8825, 0.5365], device='cuda:0')
SOD True class proportion: tensor([0.3607, 0.1373, 0.2131, 0.1388, 0.1502], device='cuda:0')
SOD Pred class proportion: tensor([0.3719, 0.1990, 0.1293, 0.2171, 0.0828], device='cuda:0')
SOD Normalized Confusion Matrix (row=true, col=pred):
tensor([[9.6021e-01, 1.8424e-02, 1.4717e-02, 1.2165e-03, 5.4371e-03],
        [9.6645e-02, 6.9149e-01, 8.4904e-02, 1.2539e-01, 1.5744e-03],
        [4.4037e-02, 1.1415e-01, 4.8096e-01, 3.6085e-01, 1.8216e-06],
        [1.7501e-02, 2.9436e-02, 7.0569e-02, 8.8246e-01, 3.0137e-05],
        [3.0901e-03, 4.5946e-01, 5.2186e-04, 3.8601e-04, 5.3654e-01]],
       device='cuda:0')
SOD Train-Val IoU gap per class: tensor([-0.0658,  0.2279,  0.2211,  0.1849,  0.3213], device='cuda:0')
Combined score: 74.552001953125%
Train Epoch Loss: 0.285
Train Cross Entropy Epoch Loss: 0.285
Train Water Consistency Epoch Loss: 0.000
Validation Epoch Loss: 0.417
Validation Cross Entropy Epoch Loss: 0.417
Validation val_edge_consistency_loss: 0.000
Water edge Accuarcy: 0.0
Validation SOD mIoU: 0.5542
Learning Rate: 9.62e-05
Early stopping counter: 7/30
100%|| 16/16 [00:47<00:00,  2.94s/it]
Train SOD mIoU: 0.7463
Train SOD IoU per class: tensor([0.8407, 0.6420, 0.6608, 0.7345, 0.8536], device='cuda:0')
Train SOD Precision per class: tensor([0.8723, 0.8500, 0.7420, 0.9087, 0.9073], device='cuda:0')
Train SOD Recall per class: tensor([0.9587, 0.7240, 0.8579, 0.7930, 0.9352], device='cuda:0')
Train SOD True class proportion: tensor([0.2144, 0.2424, 0.1931, 0.1657, 0.1843], device='cuda:0')
Train SOD Pred class proportion: tensor([0.2356, 0.2065, 0.2233, 0.1446, 0.1900], device='cuda:0')
Train SOD Normalized Confusion Matrix (row=true, col=pred):
tensor([[9.5872e-01, 2.7978e-02, 7.8145e-03, 4.7826e-03, 7.0820e-04],
        [8.2220e-02, 7.2399e-01, 1.1365e-01, 1.9534e-02, 6.0605e-02],
        [1.5492e-02, 7.8126e-02, 8.5788e-01, 3.6433e-02, 1.2072e-02],
        [1.5269e-02, 2.5516e-02, 1.6359e-01, 7.9296e-01, 2.6661e-03],
        [2.5117e-02, 3.0660e-02, 6.8241e-03, 2.1783e-03, 9.3522e-01]],
       device='cuda:0')
Validating...
 13%|▊                                                                                                                                                  | 26/200 [27:58<2:59:07, 61.77s/it]2.32s/it]
Computing Metrics on Val dataset

Epoch 25 score:
SOD f1_metric: 77.2760009765625%
SOD F1 score: tensor([0.9326, 0.5113, 0.5761, 0.7501, 0.9279], device='cuda:0')
SOD OA: 0.7787942290306091
SOD mIoU: tensor(0.6175, device='cuda:0')
SOD IoU per class: tensor([0.8737, 0.3435, 0.4046, 0.6002, 0.8655], device='cuda:0')
SOD Precision per class: tensor([0.8937, 0.4465, 0.7873, 0.7444, 0.9029], device='cuda:0')
SOD Recall per class: tensor([0.9750, 0.5981, 0.4542, 0.7560, 0.9543], device='cuda:0')
SOD True class proportion: tensor([0.3607, 0.1373, 0.2131, 0.1388, 0.1502], device='cuda:0')
SOD Pred class proportion: tensor([0.3935, 0.1839, 0.1229, 0.1410, 0.1587], device='cuda:0')
SOD Normalized Confusion Matrix (row=true, col=pred):
tensor([[9.7500e-01, 1.1902e-02, 3.3757e-03, 3.1533e-04, 9.4053e-03],
        [1.2185e-01, 5.9813e-01, 1.3449e-01, 6.1202e-02, 8.4325e-02],
        [1.0114e-01, 3.1480e-01, 4.5423e-01, 1.2895e-01, 8.7738e-04],
        [2.1711e-02, 1.7529e-01, 4.5144e-02, 7.5603e-01, 1.8244e-03],
        [3.5993e-03, 4.0400e-02, 1.3711e-03, 3.2972e-04, 9.5430e-01]],
       device='cuda:0')
SOD Train-Val IoU gap per class: tensor([-0.0329,  0.2985,  0.2562,  0.1343, -0.0119], device='cuda:0')
Combined score: 77.2760009765625%
Train Epoch Loss: 0.273
Train Cross Entropy Epoch Loss: 0.273
Train Water Consistency Epoch Loss: 0.000
Validation Epoch Loss: 0.444
Validation Cross Entropy Epoch Loss: 0.444
Validation val_edge_consistency_loss: 0.000
Water edge Accuarcy: 0.0
Validation SOD mIoU: 0.6175
Learning Rate: 9.59e-05
Early stopping counter: 8/30
100%|| 16/16 [00:47<00:00,  2.95s/it]
Train SOD mIoU: 0.7357
Train SOD IoU per class: tensor([0.8375, 0.6317, 0.6438, 0.7105, 0.8551], device='cuda:0')
Train SOD Precision per class: tensor([0.8680, 0.8262, 0.7269, 0.9314, 0.9103], device='cuda:0')
Train SOD Recall per class: tensor([0.9598, 0.7285, 0.8493, 0.7498, 0.9337], device='cuda:0')
Train SOD True class proportion: tensor([0.2202, 0.2261, 0.1933, 0.1737, 0.1867], device='cuda:0')
Train SOD Pred class proportion: tensor([0.2435, 0.1993, 0.2258, 0.1399, 0.1915], device='cuda:0')
Train SOD Normalized Confusion Matrix (row=true, col=pred):
tensor([[9.5975e-01, 2.7026e-02, 8.5085e-03, 4.1852e-03, 5.2982e-04],
        [8.8327e-02, 7.2847e-01, 1.0004e-01, 1.8489e-02, 6.4670e-02],
        [2.2790e-02, 9.5078e-02, 8.4926e-01, 2.1719e-02, 1.1154e-02],
        [1.4933e-02, 2.7662e-02, 2.0597e-01, 7.4979e-01, 1.6462e-03],
        [2.7714e-02, 2.9448e-02, 7.5010e-03, 1.6151e-03, 9.3372e-01]],
       device='cuda:0')
Validating...
 14%|▋                                                                                                                                                 | 27/200 [29:00<2:58:12, 61.81s/it]2.40s/it]
Computing Metrics on Val dataset

Epoch 26 score:
SOD f1_metric: 68.41600036621094%
SOD F1 score: tensor([0.8807, 0.4178, 0.6054, 0.6313, 0.6162], device='cuda:0')
SOD OA: 0.665054202079773
SOD mIoU: tensor(0.4783, device='cuda:0')
SOD IoU per class: tensor([0.7869, 0.2640, 0.4342, 0.4612, 0.4452], device='cuda:0')
SOD Precision per class: tensor([0.9227, 0.3071, 0.7407, 0.6215, 0.8323], device='cuda:0')
SOD Recall per class: tensor([0.8424, 0.6531, 0.5120, 0.6414, 0.4891], device='cuda:0')
SOD True class proportion: tensor([0.3607, 0.1373, 0.2131, 0.1388, 0.1502], device='cuda:0')
SOD Pred class proportion: tensor([0.3293, 0.2919, 0.1473, 0.1433, 0.0883], device='cuda:0')
SOD Normalized Confusion Matrix (row=true, col=pred):
tensor([[8.4238e-01, 1.3627e-01, 1.4673e-02, 6.1272e-04, 6.0650e-03],
        [7.4148e-02, 6.5313e-01, 1.1505e-01, 7.7213e-02, 8.0463e-02],
        [6.3521e-02, 2.1585e-01, 5.1196e-01, 2.0363e-01, 5.0384e-03],
        [1.0360e-02, 2.2259e-01, 1.2203e-01, 6.4142e-01, 3.5935e-03],
        [1.9588e-03, 5.0769e-01, 1.1055e-03, 9.7364e-05, 4.8915e-01]],
       device='cuda:0')
SOD Train-Val IoU gap per class: tensor([0.0507, 0.3677, 0.2097, 0.2493, 0.4098], device='cuda:0')
Combined score: 68.41600036621094%
Train Epoch Loss: 0.273
Train Cross Entropy Epoch Loss: 0.273
Train Water Consistency Epoch Loss: 0.000
Validation Epoch Loss: 0.441
Validation Cross Entropy Epoch Loss: 0.441
Validation val_edge_consistency_loss: 0.000
Water edge Accuarcy: 0.0
Validation SOD mIoU: 0.4783
Learning Rate: 9.56e-05
Early stopping counter: 9/30
100%|| 16/16 [00:46<00:00,  2.93s/it]
Train SOD mIoU: 0.7303
Train SOD IoU per class: tensor([0.8433, 0.6071, 0.6385, 0.7286, 0.8340], device='cuda:0')
Train SOD Precision per class: tensor([0.8808, 0.8153, 0.7714, 0.8431, 0.8861], device='cuda:0')
Train SOD Recall per class: tensor([0.9520, 0.7040, 0.7874, 0.8430, 0.9341], device='cuda:0')
Train SOD True class proportion: tensor([0.2318, 0.2382, 0.1983, 0.1533, 0.1784], device='cuda:0')
Train SOD Pred class proportion: tensor([0.2505, 0.2057, 0.2024, 0.1533, 0.1881], device='cuda:0')
Train SOD Normalized Confusion Matrix (row=true, col=pred):
tensor([[9.5203e-01, 3.1337e-02, 9.4760e-03, 6.6474e-03, 5.1041e-04],
        [8.4939e-02, 7.0397e-01, 1.1245e-01, 2.3764e-02, 7.4876e-02],
        [1.6725e-02, 9.7717e-02, 7.8743e-01, 8.2838e-02, 1.5289e-02],
        [1.3907e-02, 3.7504e-02, 1.0281e-01, 8.4296e-01, 2.8116e-03],
        [2.3481e-02, 3.1507e-02, 8.4752e-03, 2.4394e-03, 9.3410e-01]],
       device='cuda:0')
Validating...
 14%|▌                                                                                                                                                | 28/200 [30:01<2:57:08, 61.79s/it]2.37s/it]
Computing Metrics on Val dataset

Epoch 27 score:
SOD f1_metric: 71.15299987792969%
SOD F1 score: tensor([0.9411, 0.3907, 0.4714, 0.6668, 0.8356], device='cuda:0')
SOD OA: 0.7386842370033264
SOD mIoU: tensor(0.5315, device='cuda:0')
SOD IoU per class: tensor([0.8887, 0.2428, 0.3084, 0.5002, 0.7176], device='cuda:0')
SOD Precision per class: tensor([0.9141, 0.4989, 0.8630, 0.5209, 0.7282], device='cuda:0')
SOD Recall per class: tensor([0.9697, 0.3211, 0.3242, 0.9263, 0.9802], device='cuda:0')
SOD True class proportion: tensor([0.3607, 0.1373, 0.2131, 0.1388, 0.1502], device='cuda:0')
SOD Pred class proportion: tensor([0.3826, 0.0883, 0.0801, 0.2468, 0.2021], device='cuda:0')
SOD Normalized Confusion Matrix (row=true, col=pred):
tensor([[9.6972e-01, 7.6487e-03, 1.0258e-02, 5.2195e-03, 7.1516e-03],
        [1.2496e-01, 3.2111e-01, 4.6709e-02, 1.5981e-01, 3.4740e-01],
        [5.9952e-02, 1.5787e-01, 3.2423e-01, 4.4259e-01, 1.5358e-02],
        [1.5267e-02, 4.2612e-02, 5.6677e-03, 9.2630e-01, 1.0153e-02],
        [5.5104e-03, 1.3009e-02, 4.9199e-04, 8.1740e-04, 9.8017e-01]],
       device='cuda:0')
SOD Train-Val IoU gap per class: tensor([-0.0454,  0.3643,  0.3301,  0.2284,  0.1164], device='cuda:0')
Combined score: 71.15299987792969%
Train Epoch Loss: 0.285
Train Cross Entropy Epoch Loss: 0.285
Train Water Consistency Epoch Loss: 0.000
Validation Epoch Loss: 0.428
Validation Cross Entropy Epoch Loss: 0.428
Validation val_edge_consistency_loss: 0.000
Water edge Accuarcy: 0.0
Validation SOD mIoU: 0.5315
Learning Rate: 9.53e-05
Early stopping counter: 10/30
100%|| 16/16 [00:46<00:00,  2.93s/it]
Train SOD mIoU: 0.7410
Train SOD IoU per class: tensor([0.8382, 0.6321, 0.6531, 0.7239, 0.8580], device='cuda:0')
Train SOD Precision per class: tensor([0.8751, 0.8224, 0.7388, 0.9191, 0.9180], device='cuda:0')
Train SOD Recall per class: tensor([0.9521, 0.7320, 0.8491, 0.7731, 0.9293], device='cuda:0')
Train SOD True class proportion: tensor([0.2177, 0.2274, 0.1969, 0.1631, 0.1950], device='cuda:0')
Train SOD Pred class proportion: tensor([0.2368, 0.2024, 0.2263, 0.1372, 0.1973], device='cuda:0')
Train SOD Normalized Confusion Matrix (row=true, col=pred):
tensor([[9.5206e-01, 3.0224e-02, 1.0807e-02, 6.3105e-03, 6.0065e-04],
        [7.8441e-02, 7.3196e-01, 1.1329e-01, 1.5004e-02, 6.1307e-02],
        [2.2292e-02, 8.8609e-02, 8.4911e-01, 3.0227e-02, 9.7625e-03],
        [1.9516e-02, 2.7288e-02, 1.7896e-01, 7.7308e-01, 1.1561e-03],
        [2.1401e-02, 3.8223e-02, 9.3117e-03, 1.8070e-03, 9.2926e-01]],
       device='cuda:0')
Validating...
 14%|▎                                                                                                                                               | 29/200 [31:03<2:55:57, 61.74s/it]2.40s/it]
Computing Metrics on Val dataset

Epoch 28 score:
SOD f1_metric: 75.24700164794922%
SOD F1 score: tensor([0.9221, 0.4238, 0.5762, 0.7664, 0.8827], device='cuda:0')
SOD OA: 0.7673148512840271
SOD mIoU: tensor(0.5881, device='cuda:0')
SOD IoU per class: tensor([0.8555, 0.2689, 0.4046, 0.6212, 0.7900], device='cuda:0')
SOD Precision per class: tensor([0.8827, 0.4395, 0.7934, 0.6894, 0.8041], device='cuda:0')
SOD Recall per class: tensor([0.9652, 0.4092, 0.4523, 0.8626, 0.9782], device='cuda:0')
SOD True class proportion: tensor([0.3607, 0.1373, 0.2131, 0.1388, 0.1502], device='cuda:0')
SOD Pred class proportion: tensor([0.3944, 0.1278, 0.1215, 0.1737, 0.1827], device='cuda:0')
SOD Normalized Confusion Matrix (row=true, col=pred):
tensor([[9.6523e-01, 2.7689e-02, 1.9217e-03, 8.0213e-04, 4.3547e-03],
        [1.3732e-01, 4.0922e-01, 1.5030e-01, 6.1721e-02, 2.4144e-01],
        [1.0071e-01, 2.3270e-01, 4.5230e-01, 2.1179e-01, 2.5107e-03],
        [2.8168e-02, 7.8315e-02, 2.7079e-02, 8.6262e-01, 3.8190e-03],
        [1.3478e-02, 7.9442e-03, 6.7781e-05, 3.0731e-04, 9.7820e-01]],
       device='cuda:0')
SOD Train-Val IoU gap per class: tensor([-0.0174,  0.3632,  0.2484,  0.1026,  0.0681], device='cuda:0')
Combined score: 75.24700164794922%
Train Epoch Loss: 0.260
Train Cross Entropy Epoch Loss: 0.260
Train Water Consistency Epoch Loss: 0.000
Validation Epoch Loss: 0.412
Validation Cross Entropy Epoch Loss: 0.412
Validation val_edge_consistency_loss: 0.000
Water edge Accuarcy: 0.0
Validation SOD mIoU: 0.5881
Learning Rate: 9.50e-05
Early stopping counter: 11/30
100%|| 16/16 [00:46<00:00,  2.91s/it]
Train SOD mIoU: 0.7457
Train SOD IoU per class: tensor([0.8289, 0.6225, 0.6734, 0.7479, 0.8560], device='cuda:0')
Train SOD Precision per class: tensor([0.8665, 0.8248, 0.7486, 0.9270, 0.9169], device='cuda:0')
Train SOD Recall per class: tensor([0.9503, 0.7173, 0.8701, 0.7947, 0.9280], device='cuda:0')
Train SOD True class proportion: tensor([0.2105, 0.2278, 0.1933, 0.1711, 0.1972], device='cuda:0')
Train SOD Pred class proportion: tensor([0.2309, 0.1982, 0.2246, 0.1467, 0.1996], device='cuda:0')
Train SOD Normalized Confusion Matrix (row=true, col=pred):
tensor([[9.5031e-01, 3.3924e-02, 8.3195e-03, 6.8224e-03, 6.2220e-04],
        [8.0170e-02, 7.1734e-01, 1.2172e-01, 1.6528e-02, 6.4239e-02],
        [1.5927e-02, 7.9097e-02, 8.7008e-01, 2.7041e-02, 7.8543e-03],
        [2.3417e-02, 3.0777e-02, 1.4940e-01, 7.9470e-01, 1.7048e-03],
        [2.7801e-02, 3.5584e-02, 7.1717e-03, 1.4634e-03, 9.2798e-01]],
       device='cuda:0')
Validating...
 15%|▏                                                                                                                                              | 30/200 [32:05<2:54:44, 61.67s/it]2.36s/it]
Computing Metrics on Val dataset

Epoch 29 score:
SOD f1_metric: 73.79499816894531%
SOD F1 score: tensor([0.9358, 0.4257, 0.5512, 0.7173, 0.8323], device='cuda:0')
SOD OA: 0.7577006816864014
SOD mIoU: tensor(0.5604, device='cuda:0')
SOD IoU per class: tensor([0.8794, 0.2704, 0.3805, 0.5592, 0.7127], device='cuda:0')
SOD Precision per class: tensor([0.9121, 0.4961, 0.8828, 0.5872, 0.7249], device='cuda:0')
SOD Recall per class: tensor([0.9608, 0.3728, 0.4007, 0.9214, 0.9770], device='cuda:0')
SOD True class proportion: tensor([0.3607, 0.1373, 0.2131, 0.1388, 0.1502], device='cuda:0')
SOD Pred class proportion: tensor([0.3799, 0.1031, 0.0967, 0.2178, 0.2024], device='cuda:0')
SOD Normalized Confusion Matrix (row=true, col=pred):
tensor([[9.6084e-01, 1.8730e-02, 4.4354e-03, 8.0524e-04, 1.5189e-02],
        [1.1724e-01, 3.7276e-01, 6.6886e-02, 1.0952e-01, 3.3359e-01],
        [6.0029e-02, 1.7719e-01, 4.0070e-01, 3.4983e-01, 1.2254e-02],
        [2.6145e-02, 3.6053e-02, 3.5056e-03, 9.2137e-01, 1.2926e-02],
        [5.9280e-03, 1.6326e-02, 4.5982e-04, 3.1794e-04, 9.7697e-01]],
       device='cuda:0')
SOD Train-Val IoU gap per class: tensor([-0.0505,  0.3521,  0.2929,  0.1887,  0.1433], device='cuda:0')
Combined score: 73.79499816894531%
Train Epoch Loss: 0.255
Train Cross Entropy Epoch Loss: 0.255
Train Water Consistency Epoch Loss: 0.000
Validation Epoch Loss: 0.419
Validation Cross Entropy Epoch Loss: 0.419
Validation val_edge_consistency_loss: 0.000
Water edge Accuarcy: 0.0
Validation SOD mIoU: 0.5604
Learning Rate: 9.46e-05
Early stopping counter: 12/30
100%|| 16/16 [00:46<00:00,  2.93s/it]
Train SOD mIoU: 0.7491
Train SOD IoU per class: tensor([0.8451, 0.6368, 0.6790, 0.7312, 0.8533], device='cuda:0')
Train SOD Precision per class: tensor([0.8775, 0.8387, 0.7773, 0.8876, 0.9013], device='cuda:0')
Train SOD Recall per class: tensor([0.9581, 0.7257, 0.8430, 0.8058, 0.9413], device='cuda:0')
Train SOD True class proportion: tensor([0.2163, 0.2254, 0.2118, 0.1669, 0.1796], device='cuda:0')
Train SOD Pred class proportion: tensor([0.2362, 0.1951, 0.2297, 0.1515, 0.1876], device='cuda:0')
Train SOD Normalized Confusion Matrix (row=true, col=pred):
tensor([[0.9581, 0.0270, 0.0086, 0.0052, 0.0011],
        [0.0892, 0.7257, 0.0965, 0.0177, 0.0709],
        [0.0148, 0.0793, 0.8430, 0.0535, 0.0095],
        [0.0118, 0.0224, 0.1582, 0.8058, 0.0018],
        [0.0206, 0.0284, 0.0065, 0.0032, 0.9413]], device='cuda:0')
Validating...
 16%|                                                                                                                                              | 31/200 [33:06<2:53:51, 61.73s/it]2.33s/it]
Computing Metrics on Val dataset

Epoch 30 score:
SOD f1_metric: 73.1259994506836%
SOD F1 score: tensor([0.9134, 0.3778, 0.5632, 0.7429, 0.8445], device='cuda:0')
SOD OA: 0.7466164231300354
SOD mIoU: tensor(0.5575, device='cuda:0')
SOD IoU per class: tensor([0.8407, 0.2329, 0.3920, 0.5909, 0.7309], device='cuda:0')
SOD Precision per class: tensor([0.8645, 0.3685, 0.8956, 0.7096, 0.7370], device='cuda:0')
SOD Recall per class: tensor([0.9682, 0.3876, 0.4107, 0.7794, 0.9888], device='cuda:0')
SOD True class proportion: tensor([0.3607, 0.1373, 0.2131, 0.1388, 0.1502], device='cuda:0')
SOD Pred class proportion: tensor([0.4039, 0.1444, 0.0977, 0.1525, 0.2015], device='cuda:0')
SOD Normalized Confusion Matrix (row=true, col=pred):
tensor([[9.6823e-01, 1.8695e-02, 4.7403e-03, 7.3469e-04, 7.6017e-03],
        [1.5933e-01, 3.8760e-01, 5.4444e-02, 7.4535e-02, 3.2408e-01],
        [1.2867e-01, 2.8520e-01, 4.1075e-01, 1.5850e-01, 1.6885e-02],
        [2.9944e-02, 1.6825e-01, 6.8235e-03, 7.7941e-01, 1.5575e-02],
        [8.4922e-03, 2.0894e-03, 5.1698e-04, 8.8460e-05, 9.8881e-01]],
       device='cuda:0')
SOD Train-Val IoU gap per class: tensor([0.0044, 0.4039, 0.2870, 0.1403, 0.1223], device='cuda:0')
Combined score: 73.1259994506836%
Train Epoch Loss: 0.256
Train Cross Entropy Epoch Loss: 0.256
Train Water Consistency Epoch Loss: 0.000
Validation Epoch Loss: 0.461
Validation Cross Entropy Epoch Loss: 0.461
Validation val_edge_consistency_loss: 0.000
Water edge Accuarcy: 0.0
Validation SOD mIoU: 0.5575
Learning Rate: 9.42e-05
Early stopping counter: 13/30
100%|| 16/16 [00:46<00:00,  2.93s/it]
Train SOD mIoU: 0.7561
Train SOD IoU per class: tensor([0.8544, 0.6555, 0.6768, 0.7428, 0.8508], device='cuda:0')
Train SOD Precision per class: tensor([0.8754, 0.8650, 0.7654, 0.8939, 0.9089], device='cuda:0')
Train SOD Recall per class: tensor([0.9727, 0.7302, 0.8540, 0.8147, 0.9301], device='cuda:0')
Train SOD True class proportion: tensor([0.2129, 0.2358, 0.2019, 0.1647, 0.1847], device='cuda:0')
Train SOD Pred class proportion: tensor([0.2365, 0.1991, 0.2253, 0.1501, 0.1890], device='cuda:0')
Train SOD Normalized Confusion Matrix (row=true, col=pred):
tensor([[9.7269e-01, 1.8021e-02, 4.1332e-03, 4.6998e-03, 4.5773e-04],
        [8.4576e-02, 7.3020e-01, 1.0499e-01, 1.8877e-02, 6.1355e-02],
        [1.2972e-02, 7.2017e-02, 8.5400e-01, 4.9112e-02, 1.1904e-02],
        [1.0309e-02, 1.8087e-02, 1.5540e-01, 8.1467e-01, 1.5304e-03],
        [2.8180e-02, 2.9948e-02, 8.7216e-03, 3.0415e-03, 9.3011e-01]],
       device='cuda:0')
Validating...
 16%|▉                                                                                                                                             | 32/200 [34:08<2:52:29, 61.60s/it]2.37s/it]
Computing Metrics on Val dataset

Epoch 31 score:
SOD f1_metric: 69.52200317382812%
SOD F1 score: tensor([0.9163, 0.3092, 0.4256, 0.7890, 0.8130], device='cuda:0')
SOD OA: 0.7087006568908691
SOD mIoU: tensor(0.5270, device='cuda:0')
SOD IoU per class: tensor([0.8455, 0.1828, 0.2704, 0.6516, 0.6850], device='cuda:0')
SOD Precision per class: tensor([0.8798, 0.2601, 0.8611, 0.8506, 0.6878], device='cuda:0')
SOD Recall per class: tensor([0.9559, 0.3810, 0.2827, 0.7358, 0.9939], device='cuda:0')
SOD True class proportion: tensor([0.3607, 0.1373, 0.2131, 0.1388, 0.1502], device='cuda:0')
SOD Pred class proportion: tensor([0.3919, 0.2011, 0.0700, 0.1201, 0.2170], device='cuda:0')
SOD Normalized Confusion Matrix (row=true, col=pred):
tensor([[9.5593e-01, 2.7236e-02, 2.1475e-03, 4.6636e-05, 1.4642e-02],
        [1.6576e-01, 3.8103e-01, 5.2515e-02, 1.3578e-02, 3.8712e-01],
        [8.7765e-02, 5.2207e-01, 2.8269e-01, 7.5301e-02, 3.2173e-02],
        [3.4920e-02, 1.9908e-01, 1.2490e-02, 7.3578e-01, 1.7725e-02],
        [5.3705e-03, 5.7097e-04, 2.3838e-05, 1.1747e-04, 9.9392e-01]],
       device='cuda:0')
SOD Train-Val IoU gap per class: tensor([0.0089, 0.4726, 0.4065, 0.0913, 0.1658], device='cuda:0')
Combined score: 69.52200317382812%
Train Epoch Loss: 0.253
Train Cross Entropy Epoch Loss: 0.253
Train Water Consistency Epoch Loss: 0.000
Validation Epoch Loss: 0.458
Validation Cross Entropy Epoch Loss: 0.458
Validation val_edge_consistency_loss: 0.000
Water edge Accuarcy: 0.0
Validation SOD mIoU: 0.5270
Learning Rate: 9.39e-05
Early stopping counter: 14/30
100%|| 16/16 [00:46<00:00,  2.88s/it]
Train SOD mIoU: 0.7627
Train SOD IoU per class: tensor([0.8462, 0.6562, 0.6927, 0.7649, 0.8535], device='cuda:0')
Train SOD Precision per class: tensor([0.8754, 0.8502, 0.7762, 0.9227, 0.9078], device='cuda:0')
Train SOD Recall per class: tensor([0.9621, 0.7420, 0.8655, 0.8173, 0.9345], device='cuda:0')
Train SOD True class proportion: tensor([0.2150, 0.2402, 0.2001, 0.1662, 0.1786], device='cuda:0')
Train SOD Pred class proportion: tensor([0.2363, 0.2096, 0.2231, 0.1472, 0.1839], device='cuda:0')
Train SOD Normalized Confusion Matrix (row=true, col=pred):
tensor([[9.6212e-01, 2.5666e-02, 7.0796e-03, 4.4879e-03, 6.4587e-04],
        [8.2854e-02, 7.4198e-01, 9.7485e-02, 1.5469e-02, 6.2208e-02],
        [1.4909e-02, 8.1452e-02, 8.6554e-01, 3.0205e-02, 7.8979e-03],
        [1.2305e-02, 2.7368e-02, 1.4127e-01, 8.1726e-01, 1.7943e-03],
        [2.5227e-02, 2.8178e-02, 8.4463e-03, 3.6418e-03, 9.3451e-01]],
       device='cuda:0')
Validating...
 16%|▋                                                                                                                                            | 33/200 [35:08<2:50:36, 61.30s/it]2.29s/it]
Computing Metrics on Val dataset

Epoch 32 score:
SOD f1_metric: 72.91799926757812%
SOD F1 score: tensor([0.9317, 0.3102, 0.6204, 0.6866, 0.8194], device='cuda:0')
SOD OA: 0.7479007840156555
SOD mIoU: tensor(0.5445, device='cuda:0')
SOD IoU per class: tensor([0.8722, 0.1836, 0.4497, 0.5228, 0.6941], device='cuda:0')
SOD Precision per class: tensor([0.8992, 0.3938, 0.7488, 0.6456, 0.6963], device='cuda:0')
SOD Recall per class: tensor([0.9667, 0.2559, 0.5295, 0.7333, 0.9956], device='cuda:0')
SOD True class proportion: tensor([0.3607, 0.1373, 0.2131, 0.1388, 0.1502], device='cuda:0')
SOD Pred class proportion: tensor([0.3878, 0.0892, 0.1507, 0.1577, 0.2147], device='cuda:0')
SOD Normalized Confusion Matrix (row=true, col=pred):
tensor([[9.6669e-01, 7.9445e-03, 1.2529e-02, 9.3534e-04, 1.1897e-02],
        [1.5219e-01, 2.5587e-01, 1.1211e-01, 7.4779e-02, 4.0505e-01],
        [6.4563e-02, 1.7905e-01, 5.2953e-01, 2.1233e-01, 1.4527e-02],
        [2.9217e-02, 9.2449e-02, 1.2900e-01, 7.3326e-01, 1.6074e-02],
        [2.6228e-03, 1.4113e-03, 2.1253e-04, 1.7951e-04, 9.9557e-01]],
       device='cuda:0')
SOD Train-Val IoU gap per class: tensor([-0.0259,  0.4727,  0.2430,  0.2421,  0.1594], device='cuda:0')
Combined score: 72.91799926757812%
Train Epoch Loss: 0.250
Train Cross Entropy Epoch Loss: 0.250
Train Water Consistency Epoch Loss: 0.000
Validation Epoch Loss: 0.384
Validation Cross Entropy Epoch Loss: 0.384
Validation val_edge_consistency_loss: 0.000
Water edge Accuarcy: 0.0
Validation SOD mIoU: 0.5445
Learning Rate: 9.35e-05
Early stopping counter: 15/30
100%|| 16/16 [00:47<00:00,  2.94s/it]
Train SOD mIoU: 0.7666
Train SOD IoU per class: tensor([0.8453, 0.6559, 0.6878, 0.7880, 0.8558], device='cuda:0')
Train SOD Precision per class: tensor([0.8777, 0.8436, 0.7764, 0.9265, 0.9205], device='cuda:0')
Train SOD Recall per class: tensor([0.9582, 0.7467, 0.8577, 0.8406, 0.9242], device='cuda:0')
Train SOD True class proportion: tensor([0.2252, 0.2320, 0.1964, 0.1649, 0.1815], device='cuda:0')
Train SOD Pred class proportion: tensor([0.2458, 0.2053, 0.2169, 0.1496, 0.1822], device='cuda:0')
Train SOD Normalized Confusion Matrix (row=true, col=pred):
tensor([[9.5821e-01, 2.5982e-02, 9.4873e-03, 5.8728e-03, 4.4645e-04],
        [8.0716e-02, 7.4670e-01, 1.0586e-01, 1.4206e-02, 5.2510e-02],
        [1.8103e-02, 8.4275e-02, 8.5769e-01, 3.0132e-02, 9.8042e-03],
        [1.3387e-02, 2.2853e-02, 1.2145e-01, 8.4057e-01, 1.7468e-03],
        [3.0761e-02, 3.2701e-02, 9.8022e-03, 2.5380e-03, 9.2420e-01]],
       device='cuda:0')
Validating...
 17%|▌                                                                                                                                           | 34/200 [36:10<2:50:11, 61.52s/it]2.36s/it]
Computing Metrics on Val dataset

Epoch 33 score:
SOD f1_metric: 77.78199768066406%
SOD F1 score: tensor([0.9337, 0.5460, 0.5779, 0.7376, 0.9363], device='cuda:0')
SOD OA: 0.7810038328170776
SOD mIoU: tensor(0.6244, device='cuda:0')
SOD IoU per class: tensor([0.8756, 0.3755, 0.4064, 0.5843, 0.8802], device='cuda:0')
SOD Precision per class: tensor([0.8968, 0.4439, 0.8568, 0.7504, 0.9477], device='cuda:0')
SOD Recall per class: tensor([0.9737, 0.7090, 0.4360, 0.7252, 0.9252], device='cuda:0')
SOD True class proportion: tensor([0.3607, 0.1373, 0.2131, 0.1388, 0.1502], device='cuda:0')
SOD Pred class proportion: tensor([0.3916, 0.2192, 0.1084, 0.1342, 0.1466], device='cuda:0')
SOD Normalized Confusion Matrix (row=true, col=pred):
tensor([[9.7372e-01, 1.8128e-02, 4.0939e-03, 3.2513e-04, 3.7344e-03],
        [1.5472e-01, 7.0896e-01, 4.7282e-02, 4.6403e-02, 4.2636e-02],
        [7.2249e-02, 3.6382e-01, 4.3596e-01, 1.2662e-01, 1.3431e-03],
        [2.3630e-02, 1.9573e-01, 5.4089e-02, 7.2524e-01, 1.3102e-03],
        [3.2434e-03, 7.1141e-02, 3.0616e-04, 1.4590e-04, 9.2516e-01]],
       device='cuda:0')
SOD Train-Val IoU gap per class: tensor([-0.0303,  0.2805,  0.2814,  0.2038, -0.0244], device='cuda:0')
Combined score: 77.78199768066406%
Train Epoch Loss: 0.248
Train Cross Entropy Epoch Loss: 0.248
Train Water Consistency Epoch Loss: 0.000
Validation Epoch Loss: 0.373
Validation Cross Entropy Epoch Loss: 0.373
Validation val_edge_consistency_loss: 0.000
Water edge Accuarcy: 0.0
Validation SOD mIoU: 0.6244
Learning Rate: 9.31e-05
Early stopping counter: 16/30
100%|| 16/16 [00:46<00:00,  2.92s/it]
Train SOD mIoU: 0.7897
Train SOD IoU per class: tensor([0.8633, 0.7006, 0.6994, 0.7907, 0.8943], device='cuda:0')
Train SOD Precision per class: tensor([0.8894, 0.8693, 0.7796, 0.9365, 0.9449], device='cuda:0')
Train SOD Recall per class: tensor([0.9671, 0.7831, 0.8719, 0.8354, 0.9435], device='cuda:0')
Train SOD True class proportion: tensor([0.2203, 0.2360, 0.1916, 0.1691, 0.1830], device='cuda:0')
Train SOD Pred class proportion: tensor([0.2395, 0.2126, 0.2142, 0.1509, 0.1828], device='cuda:0')
Train SOD Normalized Confusion Matrix (row=true, col=pred):
tensor([[9.6709e-01, 2.3677e-02, 5.3491e-03, 3.2015e-03, 6.8757e-04],
        [7.2609e-02, 7.8309e-01, 9.7054e-02, 1.4083e-02, 3.3160e-02],
        [1.0183e-02, 8.0843e-02, 8.7187e-01, 2.7581e-02, 9.5250e-03],
        [1.2712e-02, 2.0514e-02, 1.2971e-01, 8.3543e-01, 1.6245e-03],
        [2.8679e-02, 1.9757e-02, 6.5840e-03, 1.4520e-03, 9.4353e-01]],
       device='cuda:0')
Validating...
100%|| 16/16 [00:46<00:00,  2.32s/it]
Computing Metrics on Val dataset

Epoch 34 score:
SOD f1_metric: 80.48200225830078%
SOD F1 score: tensor([0.9276, 0.6007, 0.6389, 0.8007, 0.9357], device='cuda:0')
SOD OA: 0.8125702738761902
SOD mIoU: tensor(0.6621, device='cuda:0')
SOD IoU per class: tensor([0.8649, 0.4293, 0.4694, 0.6677, 0.8792], device='cuda:0')
SOD Precision per class: tensor([0.8773, 0.5664, 0.8547, 0.7345, 0.9456], device='cuda:0')
SOD Recall per class: tensor([0.9840, 0.6394, 0.5101, 0.8801, 0.9260], device='cuda:0')
SOD True class proportion: tensor([0.3607, 0.1373, 0.2131, 0.1388, 0.1502], device='cuda:0')
SOD Pred class proportion: tensor([0.4045, 0.1549, 0.1272, 0.1663, 0.1470], device='cuda:0')
SOD Normalized Confusion Matrix (row=true, col=pred):
tensor([[9.8396e-01, 8.0525e-03, 2.3032e-03, 4.9984e-05, 5.6330e-03],
        [1.6332e-01, 6.3937e-01, 1.0967e-01, 4.7965e-02, 3.9676e-02],
        [1.0359e-01, 2.0911e-01, 5.1010e-01, 1.7620e-01, 9.9983e-04],
        [3.1125e-02, 6.8377e-02, 1.8202e-02, 8.8012e-01, 2.1777e-03],
        [5.4303e-03, 6.8068e-02, 4.1703e-04, 6.5196e-05, 9.2602e-01]],
       device='cuda:0')
SOD Train-Val IoU gap per class: tensor([-0.0017,  0.2713,  0.2300,  0.1229,  0.0151], device='cuda:0')
Combined score: 80.48200225830078%
Train Epoch Loss: 0.226
Train Cross Entropy Epoch Loss: 0.226
Train Water Consistency Epoch Loss: 0.000
Validation Epoch Loss: 0.394
Validation Cross Entropy Epoch Loss: 0.394
Validation val_edge_consistency_loss: 0.000
Water edge Accuarcy: 0.0
Validation SOD mIoU: 0.6621
Learning Rate: 9.27e-05
saving model....
model saved successfully at ./work_dirs/My_DS52/best_model_My_DS52.pth
100%|| 16/16 [00:46<00:00,  2.90s/it]
Train SOD mIoU: 0.7804
Train SOD IoU per class: tensor([0.8467, 0.6755, 0.7013, 0.7934, 0.8852], device='cuda:0')
Train SOD Precision per class: tensor([0.8770, 0.8425, 0.7987, 0.9282, 0.9416], device='cuda:0')
Train SOD Recall per class: tensor([0.9608, 0.7731, 0.8519, 0.8453, 0.9366], device='cuda:0')
Train SOD True class proportion: tensor([0.2216, 0.2238, 0.1959, 0.1650, 0.1937], device='cuda:0')
Train SOD Pred class proportion: tensor([0.2428, 0.2054, 0.2089, 0.1503, 0.1926], device='cuda:0')
Train SOD Normalized Confusion Matrix (row=true, col=pred):
tensor([[9.6084e-01, 2.5528e-02, 8.9470e-03, 4.0564e-03, 6.2617e-04],
        [8.8218e-02, 7.7306e-01, 8.4183e-02, 1.2261e-02, 4.2275e-02],
        [1.3708e-02, 9.2605e-02, 8.5192e-01, 3.4432e-02, 7.3393e-03],
        [1.0994e-02, 2.2907e-02, 1.1959e-01, 8.4529e-01, 1.2132e-03],
        [2.9009e-02, 2.4617e-02, 7.7822e-03, 2.0270e-03, 9.3656e-01]],
       device='cuda:0')
Validating...
 18%|▏                                                                                                                                         | 36/200 [38:15<2:48:53, 61.79s/it]2.35s/it]
Computing Metrics on Val dataset

Epoch 35 score:
SOD f1_metric: 65.20700073242188%
SOD F1 score: tensor([0.9235, 0.4527, 0.6179, 0.7844, 0.1087], device='cuda:0')
SOD OA: 0.6746241450309753
SOD mIoU: tensor(0.4600, device='cuda:0')
SOD IoU per class: tensor([0.8578, 0.2926, 0.4470, 0.6452, 0.0575], device='cuda:0')
SOD Precision per class: tensor([0.9130, 0.3177, 0.8696, 0.7236, 0.9559], device='cuda:0')
SOD Recall per class: tensor([0.9341, 0.7875, 0.4792, 0.8562, 0.0576], device='cuda:0')
SOD True class proportion: tensor([0.3607, 0.1373, 0.2131, 0.1388, 0.1502], device='cuda:0')
SOD Pred class proportion: tensor([0.3690, 0.3403, 0.1174, 0.1642, 0.0091], device='cuda:0')
SOD Normalized Confusion Matrix (row=true, col=pred):
tensor([[9.3414e-01, 5.4383e-02, 9.9499e-03, 4.2175e-04, 1.1057e-03],
        [8.6443e-02, 7.8752e-01, 7.0855e-02, 5.5182e-02, 2.1994e-06],
        [8.2296e-02, 2.6181e-01, 4.7916e-01, 1.7673e-01, 0.0000e+00],
        [1.5762e-02, 1.1460e-01, 1.3423e-02, 8.5622e-01, 0.0000e+00],
        [3.4123e-03, 9.3804e-01, 8.6019e-04, 6.3760e-05, 5.7620e-02]],
       device='cuda:0')
SOD Train-Val IoU gap per class: tensor([-0.0110,  0.3829,  0.2543,  0.1482,  0.8277], device='cuda:0')
Combined score: 65.20700073242188%
Train Epoch Loss: 0.235
Train Cross Entropy Epoch Loss: 0.235
Train Water Consistency Epoch Loss: 0.000
Validation Epoch Loss: 0.476
Validation Cross Entropy Epoch Loss: 0.476
Validation val_edge_consistency_loss: 0.000
Water edge Accuarcy: 0.0
Validation SOD mIoU: 0.4600
Learning Rate: 9.23e-05
Early stopping counter: 1/30
100%|| 16/16 [00:47<00:00,  2.97s/it]
Train SOD mIoU: 0.7635
Train SOD IoU per class: tensor([0.8348, 0.6569, 0.6941, 0.7701, 0.8617], device='cuda:0')
Train SOD Precision per class: tensor([0.8598, 0.8420, 0.8027, 0.9002, 0.9231], device='cuda:0')
Train SOD Recall per class: tensor([0.9663, 0.7492, 0.8369, 0.8420, 0.9283], device='cuda:0')
Train SOD True class proportion: tensor([0.2139, 0.2334, 0.1963, 0.1590, 0.1974], device='cuda:0')
Train SOD Pred class proportion: tensor([0.2404, 0.2077, 0.2047, 0.1487, 0.1985], device='cuda:0')
Train SOD Normalized Confusion Matrix (row=true, col=pred):
tensor([[9.6633e-01, 2.4168e-02, 5.2633e-03, 3.9027e-03, 3.3915e-04],
        [8.9500e-02, 7.4922e-01, 8.3133e-02, 1.8981e-02, 5.9160e-02],
        [1.4697e-02, 9.8060e-02, 8.3688e-01, 4.4626e-02, 5.7383e-03],
        [1.5643e-02, 2.6137e-02, 1.1457e-01, 8.4199e-01, 1.6592e-03],
        [3.7718e-02, 2.1505e-02, 8.3076e-03, 4.1258e-03, 9.2834e-01]],
       device='cuda:0')
Validating...
 18%|                                                                                                                                         | 37/200 [39:17<2:47:55, 61.81s/it]2.47s/it]
Computing Metrics on Val dataset

Epoch 36 score:
SOD f1_metric: 68.13500213623047%
SOD F1 score: tensor([0.8890, 0.1675, 0.5480, 0.7111, 0.8140], device='cuda:0')
SOD OA: 0.7274256348609924
SOD mIoU: tensor(0.5014, device='cuda:0')
SOD IoU per class: tensor([0.8002, 0.0914, 0.3774, 0.5517, 0.6864], device='cuda:0')
SOD Precision per class: tensor([0.8262, 0.4810, 0.7779, 0.5815, 0.6891], device='cuda:0')
SOD Recall per class: tensor([0.9622, 0.1014, 0.4230, 0.9152, 0.9943], device='cuda:0')
SOD True class proportion: tensor([0.3607, 0.1373, 0.2131, 0.1388, 0.1502], device='cuda:0')
SOD Pred class proportion: tensor([0.4201, 0.0289, 0.1159, 0.2185, 0.2167], device='cuda:0')
SOD Normalized Confusion Matrix (row=true, col=pred):
tensor([[9.6218e-01, 8.4403e-03, 1.8226e-02, 1.3873e-03, 9.7624e-03],
        [2.4427e-01, 1.0138e-01, 1.1880e-01, 1.1753e-01, 4.1801e-01],
        [1.6066e-01, 4.5594e-02, 4.2301e-01, 3.5067e-01, 2.0058e-02],
        [3.3209e-02, 1.6059e-02, 1.9852e-02, 9.1518e-01, 1.5699e-02],
        [4.3219e-03, 1.7951e-04, 6.9131e-04, 5.4685e-04, 9.9426e-01]],
       device='cuda:0')
SOD Train-Val IoU gap per class: tensor([0.0346, 0.5655, 0.3167, 0.2184, 0.1753], device='cuda:0')
Combined score: 68.13500213623047%
Train Epoch Loss: 0.245
Train Cross Entropy Epoch Loss: 0.245
Train Water Consistency Epoch Loss: 0.000
Validation Epoch Loss: 0.440
Validation Cross Entropy Epoch Loss: 0.440
Validation val_edge_consistency_loss: 0.000
Water edge Accuarcy: 0.0
Validation SOD mIoU: 0.5014
Learning Rate: 9.19e-05
Early stopping counter: 2/30
100%|| 16/16 [00:46<00:00,  2.91s/it]
Train SOD mIoU: 0.7831
Train SOD IoU per class: tensor([0.8366, 0.6700, 0.7199, 0.8001, 0.8887], device='cuda:0')
Train SOD Precision per class: tensor([0.8680, 0.8367, 0.8145, 0.9274, 0.9512], device='cuda:0')
Train SOD Recall per class: tensor([0.9586, 0.7708, 0.8611, 0.8535, 0.9312], device='cuda:0')
Train SOD True class proportion: tensor([0.2175, 0.2191, 0.2049, 0.1644, 0.1941], device='cuda:0')
Train SOD Pred class proportion: tensor([0.2402, 0.2018, 0.2166, 0.1513, 0.1900], device='cuda:0')
Train SOD Normalized Confusion Matrix (row=true, col=pred):
tensor([[9.5856e-01, 3.1860e-02, 5.2013e-03, 3.9780e-03, 3.9979e-04],
        [8.8084e-02, 7.7083e-01, 9.0356e-02, 1.5733e-02, 3.4999e-02],
        [1.3853e-02, 8.7770e-02, 8.6109e-01, 3.1084e-02, 6.2045e-03],
        [1.5501e-02, 2.1570e-02, 1.0791e-01, 8.5352e-01, 1.4981e-03],
