Train SOD Normalized Confusion Matrix (row=true, col=pred):
tensor([[0.8691, 0.0942, 0.0100, 0.0256, 0.0011],
        [0.0859, 0.4073, 0.1507, 0.2285, 0.1277],
        [0.0525, 0.2619, 0.3552, 0.3151, 0.0154],
        [0.0245, 0.1220, 0.1955, 0.6541, 0.0039],
        [0.0014, 0.1618, 0.0037, 0.0038, 0.8293]], device='cuda:0')
Validating...
100%|| 16/16 [00:44<00:00,  2.96s/it]
Computing Metrics on Val dataset

Epoch 31 score:
SOD f1_metric: 69.47699737548828%
SOD F1 score: tensor([0.9111, 0.4421, 0.4245, 0.5692, 0.9058], device='cuda:0')
SOD OA: 0.7055310606956482
SOD mIoU: tensor(0.5231, device='cuda:0')
SOD IoU per class: tensor([0.8367, 0.2838, 0.2694, 0.3978, 0.8278], device='cuda:0')
SOD Precision per class: tensor([0.9039, 0.4452, 0.6465, 0.4539, 0.8761], device='cuda:0')
SOD Recall per class: tensor([0.9185, 0.4391, 0.3159, 0.7629, 0.9375], device='cuda:0')
SOD True class proportion: tensor([0.3607, 0.1373, 0.2131, 0.1388, 0.1502], device='cuda:0')
SOD Pred class proportion: tensor([0.3665, 0.1354, 0.1041, 0.2333, 0.1607], device='cuda:0')
SOD Normalized Confusion Matrix (row=true, col=pred):
tensor([[9.1846e-01, 6.6666e-02, 7.4280e-03, 7.1911e-03, 2.5025e-04],
        [1.2956e-01, 4.3913e-01, 8.9600e-02, 2.0175e-01, 1.3995e-01],
        [6.8886e-02, 1.5749e-01, 3.1595e-01, 4.5571e-01, 1.9653e-03],
        [1.8303e-02, 6.0203e-02, 1.5729e-01, 7.6287e-01, 1.3298e-03],
        [1.4567e-03, 6.0977e-02, 4.5034e-05, 4.7240e-05, 9.3747e-01]],
       device='cuda:0')
SOD Train-Val IoU gap per class: tensor([-0.1025, -0.0127, -0.0057, -0.0288, -0.1298], device='cuda:0')
Combined score: 69.47699737548828%
Train Epoch Loss: 0.596
Train Cross Entropy Epoch Loss: 0.596
Train Water Consistency Epoch Loss: 0.000
Validation Epoch Loss: 0.488
Validation Cross Entropy Epoch Loss: 0.488
Validation val_edge_consistency_loss: 0.000
Water edge Accuarcy: 0.0
Validation SOD mIoU: 0.5231
Learning Rate: 9.39e-04
saving model....
model saved successfully at ./work_dirs/My_DS46/best_model_My_DS46.pth
100%|| 16/16 [00:44<00:00,  2.75s/it]
Train SOD mIoU: 0.4754
Train SOD IoU per class: tensor([0.7477, 0.2755, 0.2773, 0.3702, 0.7063], device='cuda:0')
Train SOD Precision per class: tensor([0.8446, 0.4474, 0.5012, 0.4657, 0.8320], device='cuda:0')
Train SOD Recall per class: tensor([0.8670, 0.4176, 0.3829, 0.6435, 0.8238], device='cuda:0')
Train SOD True class proportion: tensor([0.2020, 0.2404, 0.2108, 0.1630, 0.1837], device='cuda:0')
Train SOD Pred class proportion: tensor([0.2074, 0.2244, 0.1610, 0.2252, 0.1819], device='cuda:0')
Train SOD Normalized Confusion Matrix (row=true, col=pred):
tensor([[0.8670, 0.0973, 0.0105, 0.0237, 0.0014],
        [0.0792, 0.4176, 0.1753, 0.2149, 0.1130],
        [0.0460, 0.2594, 0.3829, 0.2993, 0.0124],
        [0.0203, 0.1172, 0.2161, 0.6435, 0.0030],
        [0.0011, 0.1664, 0.0044, 0.0043, 0.8238]], device='cuda:0')
Validating...
100%|| 16/16 [00:43<00:00,  2.94s/it]
Computing Metrics on Val dataset

Epoch 32 score:
SOD f1_metric: 70.85600280761719%
SOD F1 score: tensor([0.9141, 0.4653, 0.4775, 0.5688, 0.8942], device='cuda:0')
SOD OA: 0.7122023701667786
SOD mIoU: tensor(0.5330, device='cuda:0')
SOD IoU per class: tensor([0.8418, 0.3032, 0.3136, 0.3975, 0.8087], device='cuda:0')
SOD Precision per class: tensor([0.9121, 0.4480, 0.6462, 0.4681, 0.8957], device='cuda:0')
SOD Recall per class: tensor([0.9161, 0.4841, 0.3787, 0.7247, 0.8927], device='cuda:0')
SOD True class proportion: tensor([0.3607, 0.1373, 0.2131, 0.1388, 0.1502], device='cuda:0')
SOD Pred class proportion: tensor([0.3623, 0.1483, 0.1249, 0.2149, 0.1497], device='cuda:0')
SOD Normalized Confusion Matrix (row=true, col=pred):
tensor([[9.1611e-01, 7.0552e-02, 7.6760e-03, 5.4621e-03, 1.9684e-04],
        [1.2325e-01, 4.8410e-01, 1.0312e-01, 1.8066e-01, 1.0888e-01],
        [5.7868e-02, 1.5134e-01, 3.7868e-01, 4.1061e-01, 1.4941e-03],
        [1.7149e-02, 5.9858e-02, 1.9637e-01, 7.2468e-01, 1.9478e-03],
        [1.4293e-03, 1.0572e-01, 2.8307e-05, 9.5031e-05, 8.9273e-01]],
       device='cuda:0')
SOD Train-Val IoU gap per class: tensor([-0.0940, -0.0277, -0.0364, -0.0273, -0.1024], device='cuda:0')
Combined score: 70.85600280761719%
Train Epoch Loss: 0.589
Train Cross Entropy Epoch Loss: 0.589
Train Water Consistency Epoch Loss: 0.000
Validation Epoch Loss: 0.487
Validation Cross Entropy Epoch Loss: 0.487
Validation val_edge_consistency_loss: 0.000
Water edge Accuarcy: 0.0
Validation SOD mIoU: 0.5330
Learning Rate: 9.35e-04
saving model....
model saved successfully at ./work_dirs/My_DS46/best_model_My_DS46.pth
100%|| 16/16 [00:42<00:00,  2.66s/it]
Train SOD mIoU: 0.4743
Train SOD IoU per class: tensor([0.7635, 0.2620, 0.2730, 0.3662, 0.7065], device='cuda:0')
Train SOD Precision per class: tensor([0.8663, 0.4320, 0.4870, 0.4630, 0.8260], device='cuda:0')
Train SOD Recall per class: tensor([0.8655, 0.3998, 0.3831, 0.6368, 0.8300], device='cuda:0')
Train SOD True class proportion: tensor([0.2128, 0.2343, 0.2024, 0.1598, 0.1906], device='cuda:0')
Train SOD Pred class proportion: tensor([0.2126, 0.2168, 0.1593, 0.2198, 0.1916], device='cuda:0')
Train SOD Normalized Confusion Matrix (row=true, col=pred):
tensor([[0.8655, 0.0973, 0.0134, 0.0224, 0.0014],
        [0.0766, 0.3998, 0.1779, 0.2191, 0.1267],
        [0.0370, 0.2638, 0.3831, 0.3024, 0.0136],
        [0.0175, 0.1155, 0.2266, 0.6368, 0.0037],
        [0.0010, 0.1603, 0.0050, 0.0037, 0.8300]], device='cuda:0')
Validating...
 17%|                                                                                                            | 34/200 [35:52<2:52:06, 62.21s/it]2.56s/it]
Computing Metrics on Val dataset

Epoch 33 score:
SOD f1_metric: 69.21499633789062%
SOD F1 score: tensor([0.9146, 0.4621, 0.3932, 0.5826, 0.8937], device='cuda:0')
SOD OA: 0.7060491442680359
SOD mIoU: tensor(0.5213, device='cuda:0')
SOD IoU per class: tensor([0.8427, 0.3004, 0.2447, 0.4111, 0.8078], device='cuda:0')
SOD Precision per class: tensor([0.8929, 0.4444, 0.6484, 0.4682, 0.8902], device='cuda:0')
SOD Recall per class: tensor([0.9375, 0.4811, 0.2821, 0.7713, 0.8972], device='cuda:0')
SOD True class proportion: tensor([0.3607, 0.1373, 0.2131, 0.1388, 0.1502], device='cuda:0')
SOD Pred class proportion: tensor([0.3787, 0.1486, 0.0927, 0.2287, 0.1513], device='cuda:0')
SOD Normalized Confusion Matrix (row=true, col=pred):
tensor([[9.3747e-01, 5.0295e-02, 5.0662e-03, 6.9576e-03, 2.1375e-04],
        [1.4029e-01, 4.8113e-01, 7.5137e-02, 1.8691e-01, 1.1653e-01],
        [8.6754e-02, 1.9116e-01, 2.8211e-01, 4.3852e-01, 1.4618e-03],
        [1.9082e-02, 6.0738e-02, 1.4729e-01, 7.7126e-01, 1.6255e-03],
        [1.1852e-03, 1.0154e-01, 4.4483e-05, 6.6357e-05, 8.9716e-01]],
       device='cuda:0')
SOD Train-Val IoU gap per class: tensor([-0.0792, -0.0384,  0.0283, -0.0448, -0.1013], device='cuda:0')
Combined score: 69.21499633789062%
Train Epoch Loss: 0.582
Train Cross Entropy Epoch Loss: 0.582
Train Water Consistency Epoch Loss: 0.000
Validation Epoch Loss: 0.499
Validation Cross Entropy Epoch Loss: 0.499
Validation val_edge_consistency_loss: 0.000
Water edge Accuarcy: 0.0
Validation SOD mIoU: 0.5213
Learning Rate: 9.31e-04
Early stopping counter: 1/30
100%|| 16/16 [00:43<00:00,  2.70s/it]
Train SOD mIoU: 0.4753
Train SOD IoU per class: tensor([0.7624, 0.2722, 0.2732, 0.3577, 0.7109], device='cuda:0')
Train SOD Precision per class: tensor([0.8464, 0.4530, 0.5011, 0.4477, 0.8336], device='cuda:0')
Train SOD Recall per class: tensor([0.8848, 0.4056, 0.3753, 0.6403, 0.8285], device='cuda:0')
Train SOD True class proportion: tensor([0.2020, 0.2347, 0.2094, 0.1608, 0.1931], device='cuda:0')
Train SOD Pred class proportion: tensor([0.2112, 0.2102, 0.1568, 0.2299, 0.1919], device='cuda:0')
Train SOD Normalized Confusion Matrix (row=true, col=pred):
tensor([[0.8848, 0.0768, 0.0136, 0.0231, 0.0017],
        [0.0788, 0.4056, 0.1682, 0.2262, 0.1212],
        [0.0485, 0.2367, 0.3753, 0.3274, 0.0121],
        [0.0223, 0.1161, 0.2176, 0.6403, 0.0037],
        [0.0011, 0.1616, 0.0054, 0.0034, 0.8285]], device='cuda:0')
Validating...
 18%|▊                                                                                                           | 35/200 [36:56<2:52:19, 62.66s/it]2.87s/it]
Computing Metrics on Val dataset

Epoch 34 score:
SOD f1_metric: 70.86900329589844%
SOD F1 score: tensor([0.9161, 0.4730, 0.4781, 0.5765, 0.8756], device='cuda:0')
SOD OA: 0.7133455276489258
SOD mIoU: tensor(0.5305, device='cuda:0')
SOD IoU per class: tensor([0.8451, 0.3098, 0.3141, 0.4050, 0.7786], device='cuda:0')
SOD Precision per class: tensor([0.8968, 0.4547, 0.6335, 0.4826, 0.9085], device='cuda:0')
SOD Recall per class: tensor([0.9362, 0.4929, 0.3839, 0.7158, 0.8449], device='cuda:0')
SOD True class proportion: tensor([0.3607, 0.1373, 0.2131, 0.1388, 0.1502], device='cuda:0')
SOD Pred class proportion: tensor([0.3765, 0.1488, 0.1291, 0.2059, 0.1396], device='cuda:0')
SOD Normalized Confusion Matrix (row=true, col=pred):
tensor([[9.3618e-01, 4.8704e-02, 8.4510e-03, 6.4554e-03, 2.0541e-04],
        [1.4104e-01, 4.9292e-01, 1.1205e-01, 1.6565e-01, 8.8337e-02],
        [7.8691e-02, 1.5396e-01, 3.8389e-01, 3.8225e-01, 1.2012e-03],
        [1.7739e-02, 5.6012e-02, 2.0816e-01, 7.1578e-01, 2.3059e-03],
        [1.8574e-03, 1.5306e-01, 6.9114e-05, 1.1672e-04, 8.4489e-01]],
       device='cuda:0')
SOD Train-Val IoU gap per class: tensor([-0.0827, -0.0376, -0.0409, -0.0472, -0.0678], device='cuda:0')
Combined score: 70.86900329589844%
Train Epoch Loss: 0.586
Train Cross Entropy Epoch Loss: 0.586
Train Water Consistency Epoch Loss: 0.000
Validation Epoch Loss: 0.489
Validation Cross Entropy Epoch Loss: 0.489
Validation val_edge_consistency_loss: 0.000
Water edge Accuarcy: 0.0
Validation SOD mIoU: 0.5305
Learning Rate: 9.27e-04
Early stopping counter: 2/30
100%|| 16/16 [00:42<00:00,  2.67s/it]
Train SOD mIoU: 0.4676
Train SOD IoU per class: tensor([0.7564, 0.2562, 0.2689, 0.3540, 0.7025], device='cuda:0')
Train SOD Precision per class: tensor([0.8500, 0.4376, 0.4758, 0.4463, 0.8251], device='cuda:0')
Train SOD Recall per class: tensor([0.8730, 0.3820, 0.3821, 0.6312, 0.8254], device='cuda:0')
Train SOD True class proportion: tensor([0.2036, 0.2405, 0.2060, 0.1582, 0.1916], device='cuda:0')
Train SOD Pred class proportion: tensor([0.2092, 0.2099, 0.1655, 0.2237, 0.1917], device='cuda:0')
Train SOD Normalized Confusion Matrix (row=true, col=pred):
tensor([[0.8730, 0.0809, 0.0164, 0.0282, 0.0014],
        [0.0797, 0.3820, 0.1896, 0.2258, 0.1230],
        [0.0441, 0.2536, 0.3821, 0.3056, 0.0146],
        [0.0183, 0.1149, 0.2315, 0.6312, 0.0041],
        [0.0012, 0.1626, 0.0061, 0.0046, 0.8254]], device='cuda:0')
Validating...
 18%|▍                                                                                                          | 36/200 [37:56<2:49:12, 61.90s/it]2.72s/it]
Computing Metrics on Val dataset

Epoch 35 score:
SOD f1_metric: 69.1719970703125%
SOD F1 score: tensor([0.9118, 0.4297, 0.4328, 0.5522, 0.8990], device='cuda:0')
SOD OA: 0.6981735825538635
SOD mIoU: tensor(0.5171, device='cuda:0')
SOD IoU per class: tensor([0.8379, 0.2736, 0.2762, 0.3814, 0.8165], device='cuda:0')
SOD Precision per class: tensor([0.9042, 0.4298, 0.6181, 0.4398, 0.9082], device='cuda:0')
SOD Recall per class: tensor([0.9196, 0.4296, 0.3330, 0.7416, 0.8900], device='cuda:0')
SOD True class proportion: tensor([0.3607, 0.1373, 0.2131, 0.1388, 0.1502], device='cuda:0')
SOD Pred class proportion: tensor([0.3668, 0.1372, 0.1148, 0.2340, 0.1471], device='cuda:0')
SOD Normalized Confusion Matrix (row=true, col=pred):
tensor([[9.1960e-01, 7.0306e-02, 4.4358e-03, 5.4481e-03, 2.0556e-04],
        [1.2257e-01, 4.2960e-01, 1.1042e-01, 2.4243e-01, 9.4983e-02],
        [7.2675e-02, 1.4330e-01, 3.3297e-01, 4.4978e-01, 1.2771e-03],
        [1.8632e-02, 4.3936e-02, 1.9494e-01, 7.4158e-01, 9.1208e-04],
        [1.6639e-03, 1.0811e-01, 1.4907e-04, 1.0441e-04, 8.8997e-01]],
       device='cuda:0')
SOD Train-Val IoU gap per class: tensor([-0.0815, -0.0174, -0.0072, -0.0274, -0.1140], device='cuda:0')
Combined score: 69.1719970703125%
Train Epoch Loss: 0.591
Train Cross Entropy Epoch Loss: 0.591
Train Water Consistency Epoch Loss: 0.000
Validation Epoch Loss: 0.490
Validation Cross Entropy Epoch Loss: 0.490
Validation val_edge_consistency_loss: 0.000
Water edge Accuarcy: 0.0
Validation SOD mIoU: 0.5171
Learning Rate: 9.23e-04
Early stopping counter: 3/30
100%|| 16/16 [00:43<00:00,  2.74s/it]
Train SOD mIoU: 0.4701
Train SOD IoU per class: tensor([0.7463, 0.2495, 0.2770, 0.3638, 0.7138], device='cuda:0')
Train SOD Precision per class: tensor([0.8336, 0.4186, 0.5012, 0.4595, 0.8340], device='cuda:0')
Train SOD Recall per class: tensor([0.8769, 0.3818, 0.3824, 0.6360, 0.8320], device='cuda:0')
Train SOD True class proportion: tensor([0.2022, 0.2303, 0.2079, 0.1551, 0.2045], device='cuda:0')
Train SOD Pred class proportion: tensor([0.2127, 0.2101, 0.1586, 0.2146, 0.2040], device='cuda:0')
Train SOD Normalized Confusion Matrix (row=true, col=pred):
tensor([[0.8769, 0.0785, 0.0173, 0.0260, 0.0013],
        [0.0890, 0.3818, 0.1766, 0.2232, 0.1293],
        [0.0536, 0.2672, 0.3824, 0.2810, 0.0158],
        [0.0223, 0.1213, 0.2170, 0.6360, 0.0034],
        [0.0014, 0.1559, 0.0062, 0.0045, 0.8320]], device='cuda:0')
Validating...
 18%|                                                                                                          | 37/200 [38:58<2:48:19, 61.96s/it]2.92s/it]
Computing Metrics on Val dataset

Epoch 36 score:
SOD f1_metric: 70.12200164794922%
SOD F1 score: tensor([0.9149, 0.4530, 0.4640, 0.5750, 0.8684], device='cuda:0')
SOD OA: 0.7056531310081482
SOD mIoU: tensor(0.5218, device='cuda:0')
SOD IoU per class: tensor([0.8431, 0.2928, 0.3021, 0.4035, 0.7673], device='cuda:0')
SOD Precision per class: tensor([0.8969, 0.4278, 0.6247, 0.4804, 0.9086], device='cuda:0')
SOD Recall per class: tensor([0.9336, 0.4813, 0.3690, 0.7160, 0.8315], device='cuda:0')
SOD True class proportion: tensor([0.3607, 0.1373, 0.2131, 0.1388, 0.1502], device='cuda:0')
SOD Pred class proportion: tensor([0.3754, 0.1544, 0.1259, 0.2069, 0.1374], device='cuda:0')
SOD Normalized Confusion Matrix (row=true, col=pred):
tensor([[9.3357e-01, 5.5271e-02, 6.8266e-03, 4.0883e-03, 2.3977e-04],
        [1.3840e-01, 4.8126e-01, 1.1433e-01, 1.7943e-01, 8.6580e-02],
        [7.9495e-02, 1.6815e-01, 3.6902e-01, 3.8176e-01, 1.5711e-03],
        [1.7864e-02, 5.4923e-02, 2.0941e-01, 7.1599e-01, 1.8180e-03],
        [1.9718e-03, 1.6623e-01, 1.3326e-04, 1.5698e-04, 8.3151e-01]],
       device='cuda:0')
SOD Train-Val IoU gap per class: tensor([-0.0968, -0.0433, -0.0251, -0.0397, -0.0535], device='cuda:0')
Combined score: 70.12200164794922%
Train Epoch Loss: 0.587
Train Cross Entropy Epoch Loss: 0.587
Train Water Consistency Epoch Loss: 0.000
Validation Epoch Loss: 0.492
Validation Cross Entropy Epoch Loss: 0.492
Validation val_edge_consistency_loss: 0.000
Water edge Accuarcy: 0.0
Validation SOD mIoU: 0.5218
Learning Rate: 9.19e-04
Early stopping counter: 4/30
100%|| 16/16 [00:42<00:00,  2.67s/it]
Train SOD mIoU: 0.4702
Train SOD IoU per class: tensor([0.7569, 0.2587, 0.2600, 0.3787, 0.6964], device='cuda:0')
Train SOD Precision per class: tensor([0.8524, 0.4368, 0.4759, 0.4716, 0.8042], device='cuda:0')
Train SOD Recall per class: tensor([0.8711, 0.3882, 0.3644, 0.6578, 0.8386], device='cuda:0')
Train SOD True class proportion: tensor([0.2050, 0.2442, 0.2039, 0.1579, 0.1889], device='cuda:0')
Train SOD Pred class proportion: tensor([0.2095, 0.2171, 0.1562, 0.2202, 0.1970], device='cuda:0')
Train SOD Normalized Confusion Matrix (row=true, col=pred):
tensor([[0.8711, 0.0887, 0.0157, 0.0229, 0.0017],
        [0.0702, 0.3882, 0.1836, 0.2184, 0.1395],
        [0.0546, 0.2816, 0.3644, 0.2823, 0.0171],
        [0.0157, 0.1154, 0.2068, 0.6578, 0.0043],
        [0.0009, 0.1504, 0.0060, 0.0040, 0.8386]], device='cuda:0')
Validating...
 19%|▋                                                                                                         | 38/200 [39:58<2:45:36, 61.34s/it]2.76s/it]
Computing Metrics on Val dataset

Epoch 37 score:
SOD f1_metric: 69.28900146484375%
SOD F1 score: tensor([0.9087, 0.4670, 0.4129, 0.5934, 0.8703], device='cuda:0')
SOD OA: 0.7036167979240417
SOD mIoU: tensor(0.5180, device='cuda:0')
SOD IoU per class: tensor([0.8326, 0.3047, 0.2602, 0.4219, 0.7704], device='cuda:0')
SOD Precision per class: tensor([0.8735, 0.4257, 0.6137, 0.5068, 0.9082], device='cuda:0')
SOD Recall per class: tensor([0.9468, 0.5173, 0.3111, 0.7158, 0.8355], device='cuda:0')
SOD True class proportion: tensor([0.3607, 0.1373, 0.2131, 0.1388, 0.1502], device='cuda:0')
SOD Pred class proportion: tensor([0.3910, 0.1668, 0.1080, 0.1961, 0.1381], device='cuda:0')
SOD Normalized Confusion Matrix (row=true, col=pred):
tensor([[9.4682e-01, 4.3601e-02, 4.6777e-03, 4.6865e-03, 2.1428e-04],
        [1.5459e-01, 5.1730e-01, 8.8975e-02, 1.5161e-01, 8.7521e-02],
        [1.1673e-01, 2.2236e-01, 3.1113e-01, 3.4816e-01, 1.6153e-03],
        [2.2623e-02, 5.9408e-02, 2.0038e-01, 7.1578e-01, 1.8041e-03],
        [1.5534e-03, 1.6280e-01, 6.8930e-05, 4.7791e-05, 8.3553e-01]],
       device='cuda:0')
SOD Train-Val IoU gap per class: tensor([-0.0757, -0.0459, -0.0001, -0.0432, -0.0740], device='cuda:0')
Combined score: 69.28900146484375%
Train Epoch Loss: 0.583
Train Cross Entropy Epoch Loss: 0.583
Train Water Consistency Epoch Loss: 0.000
Validation Epoch Loss: 0.496
Validation Cross Entropy Epoch Loss: 0.496
Validation val_edge_consistency_loss: 0.000
Water edge Accuarcy: 0.0
Validation SOD mIoU: 0.5180
Learning Rate: 9.14e-04
Early stopping counter: 5/30
100%|| 16/16 [00:43<00:00,  2.72s/it]
Train SOD mIoU: 0.4893
Train SOD IoU per class: tensor([0.7789, 0.2761, 0.2902, 0.3852, 0.7163], device='cuda:0')
Train SOD Precision per class: tensor([0.8593, 0.4581, 0.4954, 0.4947, 0.8265], device='cuda:0')
Train SOD Recall per class: tensor([0.8928, 0.4100, 0.4120, 0.6350, 0.8431], device='cuda:0')
Train SOD True class proportion: tensor([0.2041, 0.2330, 0.2040, 0.1656, 0.1934], device='cuda:0')
Train SOD Pred class proportion: tensor([0.2120, 0.2086, 0.1696, 0.2125, 0.1973], device='cuda:0')
Train SOD Normalized Confusion Matrix (row=true, col=pred):
tensor([[0.8928, 0.0660, 0.0134, 0.0258, 0.0019],
        [0.0760, 0.4100, 0.1897, 0.1956, 0.1287],
        [0.0446, 0.2537, 0.4120, 0.2740, 0.0157],
        [0.0170, 0.1172, 0.2270, 0.6350, 0.0039],
        [0.0011, 0.1470, 0.0055, 0.0033, 0.8431]], device='cuda:0')
Validating...
100%|| 16/16 [00:43<00:00,  2.80s/it]
Computing Metrics on Val dataset

Epoch 38 score:
SOD f1_metric: 70.5250015258789%
SOD F1 score: tensor([0.9158, 0.4750, 0.4498, 0.5932, 0.8762], device='cuda:0')
SOD OA: 0.7137530446052551
SOD mIoU: tensor(0.5295, device='cuda:0')
SOD IoU per class: tensor([0.8446, 0.3115, 0.2902, 0.4216, 0.7797], device='cuda:0')
SOD Precision per class: tensor([0.8869, 0.4518, 0.6651, 0.4854, 0.9216], device='cuda:0')
SOD Recall per class: tensor([0.9465, 0.5008, 0.3398, 0.7624, 0.8350], device='cuda:0')
SOD True class proportion: tensor([0.3607, 0.1373, 0.2131, 0.1388, 0.1502], device='cuda:0')
SOD Pred class proportion: tensor([0.3849, 0.1522, 0.1089, 0.2180, 0.1361], device='cuda:0')
SOD Normalized Confusion Matrix (row=true, col=pred):
tensor([[9.4650e-01, 4.4118e-02, 5.6650e-03, 3.5310e-03, 1.8444e-04],
        [1.4700e-01, 5.0082e-01, 9.1834e-02, 1.8657e-01, 7.3770e-02],
        [9.3104e-02, 1.6523e-01, 3.3983e-01, 4.0027e-01, 1.5606e-03],
        [2.3164e-02, 5.6350e-02, 1.5706e-01, 7.6240e-01, 1.0290e-03],
        [1.8624e-03, 1.6302e-01, 7.5363e-05, 4.9630e-06, 8.3504e-01]],
       device='cuda:0')
SOD Train-Val IoU gap per class: tensor([-6.5673e-02, -3.5432e-02,  1.3500e-05, -3.6478e-02, -6.3305e-02],
       device='cuda:0')
Combined score: 70.5250015258789%
Train Epoch Loss: 0.572
Train Cross Entropy Epoch Loss: 0.572
Train Water Consistency Epoch Loss: 0.000
Validation Epoch Loss: 0.485
Validation Cross Entropy Epoch Loss: 0.485
Validation val_edge_consistency_loss: 0.000
Water edge Accuarcy: 0.0
Validation SOD mIoU: 0.5295
Learning Rate: 9.10e-04
Early stopping counter: 6/30
100%|| 16/16 [00:44<00:00,  2.77s/it]
Train SOD mIoU: 0.4816
Train SOD IoU per class: tensor([0.7671, 0.2718, 0.2752, 0.3767, 0.7170], device='cuda:0')
Train SOD Precision per class: tensor([0.8527, 0.4592, 0.4883, 0.4719, 0.8281], device='cuda:0')
Train SOD Recall per class: tensor([0.8843, 0.3998, 0.3867, 0.6514, 0.8423], device='cuda:0')
Train SOD True class proportion: tensor([0.2128, 0.2391, 0.1992, 0.1611, 0.1878], device='cuda:0')
Train SOD Pred class proportion: tensor([0.2207, 0.2082, 0.1578, 0.2224, 0.1910], device='cuda:0')
Train SOD Normalized Confusion Matrix (row=true, col=pred):
tensor([[0.8843, 0.0780, 0.0139, 0.0224, 0.0014],
        [0.0853, 0.3998, 0.1793, 0.2149, 0.1207],
        [0.0425, 0.2520, 0.3867, 0.3033, 0.0155],
        [0.0212, 0.1145, 0.2091, 0.6514, 0.0037],
        [0.0011, 0.1454, 0.0065, 0.0047, 0.8423]], device='cuda:0')
Validating...
100%|| 16/16 [00:43<00:00,  2.93s/it]
Computing Metrics on Val dataset

Epoch 39 score:
SOD f1_metric: 73.4229965209961%
SOD F1 score: tensor([0.9191, 0.4725, 0.5634, 0.5833, 0.9115], device='cuda:0')
SOD OA: 0.7399169206619263
SOD mIoU: tensor(0.5602, device='cuda:0')
SOD IoU per class: tensor([0.8502, 0.3093, 0.3922, 0.4118, 0.8373], device='cuda:0')
SOD Precision per class: tensor([0.9016, 0.5220, 0.6408, 0.5105, 0.8850], device='cuda:0')
SOD Recall per class: tensor([0.9372, 0.4315, 0.5027, 0.6804, 0.9396], device='cuda:0')
SOD True class proportion: tensor([0.3607, 0.1373, 0.2131, 0.1388, 0.1502], device='cuda:0')
SOD Pred class proportion: tensor([0.3749, 0.1135, 0.1672, 0.1850, 0.1594], device='cuda:0')
SOD Normalized Confusion Matrix (row=true, col=pred):
tensor([[9.3723e-01, 4.7263e-02, 1.2309e-02, 2.9382e-03, 2.6456e-04],
        [1.3327e-01, 4.3153e-01, 1.5421e-01, 1.5247e-01, 1.2852e-01],
        [7.3576e-02, 1.0022e-01, 5.0269e-01, 3.2178e-01, 1.7428e-03],
        [1.9929e-02, 5.0216e-02, 2.4779e-01, 6.8042e-01, 1.6444e-03],
        [1.0602e-03, 5.9109e-02, 2.1267e-04, 5.4592e-05, 9.3956e-01]],
       device='cuda:0')
SOD Train-Val IoU gap per class: tensor([-0.0831, -0.0375, -0.1170, -0.0350, -0.1203], device='cuda:0')
Combined score: 73.4229965209961%
Train Epoch Loss: 0.575
Train Cross Entropy Epoch Loss: 0.575
Train Water Consistency Epoch Loss: 0.000
Validation Epoch Loss: 0.458
Validation Cross Entropy Epoch Loss: 0.458
Validation val_edge_consistency_loss: 0.000
Water edge Accuarcy: 0.0
Validation SOD mIoU: 0.5602
Learning Rate: 9.05e-04
saving model....
model saved successfully at ./work_dirs/My_DS46/best_model_My_DS46.pth
100%|| 16/16 [00:43<00:00,  2.70s/it]
Train SOD mIoU: 0.4867
Train SOD IoU per class: tensor([0.7763, 0.2812, 0.2912, 0.3757, 0.7090], device='cuda:0')
Train SOD Precision per class: tensor([0.8529, 0.4620, 0.4969, 0.4822, 0.8354], device='cuda:0')
Train SOD Recall per class: tensor([0.8964, 0.4180, 0.4129, 0.6298, 0.8241], device='cuda:0')
Train SOD True class proportion: tensor([0.2030, 0.2416, 0.2043, 0.1625, 0.1886], device='cuda:0')
Train SOD Pred class proportion: tensor([0.2134, 0.2186, 0.1698, 0.2122, 0.1860], device='cuda:0')
Train SOD Normalized Confusion Matrix (row=true, col=pred):
tensor([[0.8964, 0.0730, 0.0089, 0.0203, 0.0014],
        [0.0784, 0.4180, 0.1871, 0.2056, 0.1110],
        [0.0442, 0.2564, 0.4129, 0.2716, 0.0149],
        [0.0201, 0.1165, 0.2307, 0.6298, 0.0030],
        [0.0009, 0.1668, 0.0050, 0.0032, 0.8241]], device='cuda:0')
Validating...
 20%|▋                                                                                                       | 41/200 [43:07<2:45:19, 62.39s/it]2.78s/it]
Computing Metrics on Val dataset

Epoch 40 score:
SOD f1_metric: 72.37100219726562%
SOD F1 score: tensor([0.9152, 0.4728, 0.5213, 0.5786, 0.9146], device='cuda:0')
SOD OA: 0.728548526763916
SOD mIoU: tensor(0.5511, device='cuda:0')
SOD IoU per class: tensor([0.8436, 0.3096, 0.3525, 0.4071, 0.8426], device='cuda:0')
SOD Precision per class: tensor([0.8965, 0.4762, 0.6453, 0.4974, 0.9112], device='cuda:0')
SOD Recall per class: tensor([0.9346, 0.4695, 0.4373, 0.6916, 0.9179], device='cuda:0')
SOD True class proportion: tensor([0.3607, 0.1373, 0.2131, 0.1388, 0.1502], device='cuda:0')
SOD Pred class proportion: tensor([0.3760, 0.1353, 0.1444, 0.1930, 0.1513], device='cuda:0')
SOD Normalized Confusion Matrix (row=true, col=pred):
tensor([[9.3462e-01, 5.5996e-02, 6.8380e-03, 2.4075e-03, 1.3768e-04],
        [1.2652e-01, 4.6950e-01, 1.2075e-01, 1.8839e-01, 9.4840e-02],
        [8.6101e-02, 1.4573e-01, 4.3729e-01, 3.2973e-01, 1.1428e-03],
        [2.1714e-02, 5.4084e-02, 2.3181e-01, 6.9156e-01, 8.4010e-04],
        [1.2034e-03, 8.0784e-02, 8.2716e-05, 2.0036e-05, 9.1791e-01]],
       device='cuda:0')
SOD Train-Val IoU gap per class: tensor([-0.0673, -0.0284, -0.0614, -0.0314, -0.1336], device='cuda:0')
Combined score: 72.37100219726562%
Train Epoch Loss: 0.570
Train Cross Entropy Epoch Loss: 0.570
Train Water Consistency Epoch Loss: 0.000
Validation Epoch Loss: 0.474
Validation Cross Entropy Epoch Loss: 0.474
Validation val_edge_consistency_loss: 0.000
Water edge Accuarcy: 0.0
Validation SOD mIoU: 0.5511
Learning Rate: 9.01e-04
Early stopping counter: 1/30
100%|| 16/16 [00:43<00:00,  2.74s/it]
Train SOD mIoU: 0.4962
Train SOD IoU per class: tensor([0.7914, 0.2687, 0.3226, 0.3802, 0.7178], device='cuda:0')
Train SOD Precision per class: tensor([0.8718, 0.4531, 0.5028, 0.5021, 0.8328], device='cuda:0')
Train SOD Recall per class: tensor([0.8956, 0.3978, 0.4738, 0.6104, 0.8387], device='cuda:0')
Train SOD True class proportion: tensor([0.2026, 0.2381, 0.2060, 0.1578, 0.1957], device='cuda:0')
Train SOD Pred class proportion: tensor([0.2081, 0.2090, 0.1941, 0.1918, 0.1970], device='cuda:0')
Train SOD Normalized Confusion Matrix (row=true, col=pred):
tensor([[0.8956, 0.0685, 0.0120, 0.0225, 0.0013],
        [0.0710, 0.3978, 0.2256, 0.1819, 0.1238],
        [0.0360, 0.2498, 0.4738, 0.2275, 0.0129],
        [0.0139, 0.1241, 0.2481, 0.6104, 0.0036],
        [0.0010, 0.1502, 0.0063, 0.0039, 0.8387]], device='cuda:0')
Validating...
 21%|▎                                                                                                      | 42/200 [44:09<2:44:17, 62.39s/it]2.85s/it]
Computing Metrics on Val dataset

Epoch 41 score:
SOD f1_metric: 67.7770004272461%
SOD F1 score: tensor([0.9014, 0.4446, 0.3403, 0.5991, 0.9053], device='cuda:0')
SOD OA: 0.7025765776634216
SOD mIoU: tensor(0.5132, device='cuda:0')
SOD IoU per class: tensor([0.8206, 0.2859, 0.2051, 0.4276, 0.8269], device='cuda:0')
SOD Precision per class: tensor([0.8565, 0.4479, 0.6405, 0.4802, 0.8860], device='cuda:0')
SOD Recall per class: tensor([0.9514, 0.4414, 0.2317, 0.7961, 0.9254], device='cuda:0')
SOD True class proportion: tensor([0.3607, 0.1373, 0.2131, 0.1388, 0.1502], device='cuda:0')
SOD Pred class proportion: tensor([0.4006, 0.1353, 0.0771, 0.2301, 0.1569], device='cuda:0')
SOD Normalized Confusion Matrix (row=true, col=pred):
tensor([[9.5137e-01, 3.9939e-02, 3.2101e-03, 5.3135e-03, 1.6523e-04],
        [1.5497e-01, 4.4144e-01, 7.1115e-02, 2.0610e-01, 1.2638e-01],
        [1.5272e-01, 1.9451e-01, 2.3173e-01, 4.1961e-01, 1.4353e-03],
        [2.5357e-02, 5.6540e-02, 1.2073e-01, 7.9612e-01, 1.2487e-03],
        [1.0406e-03, 7.3227e-02, 2.4557e-04, 5.4960e-05, 9.2543e-01]],
       device='cuda:0')
SOD Train-Val IoU gap per class: tensor([-0.0292, -0.0171,  0.1176, -0.0474, -0.1092], device='cuda:0')
Combined score: 67.7770004272461%
Train Epoch Loss: 0.557
Train Cross Entropy Epoch Loss: 0.557
Train Water Consistency Epoch Loss: 0.000
Validation Epoch Loss: 0.489
Validation Cross Entropy Epoch Loss: 0.489
Validation val_edge_consistency_loss: 0.000
Water edge Accuarcy: 0.0
Validation SOD mIoU: 0.5132
Learning Rate: 8.96e-04
Early stopping counter: 2/30
100%|| 16/16 [00:42<00:00,  2.68s/it]
Train SOD mIoU: 0.4817
Train SOD IoU per class: tensor([0.7739, 0.2676, 0.2983, 0.3742, 0.6948], device='cuda:0')
Train SOD Precision per class: tensor([0.8549, 0.4513, 0.4928, 0.4888, 0.8090], device='cuda:0')
Train SOD Recall per class: tensor([0.8909, 0.3965, 0.4304, 0.6149, 0.8310], device='cuda:0')
Train SOD True class proportion: tensor([0.1985, 0.2402, 0.2115, 0.1650, 0.1849], device='cuda:0')
Train SOD Pred class proportion: tensor([0.2069, 0.2110, 0.1847, 0.2075, 0.1899], device='cuda:0')
Train SOD Normalized Confusion Matrix (row=true, col=pred):
tensor([[0.8909, 0.0744, 0.0134, 0.0196, 0.0018],
        [0.0781, 0.3965, 0.2005, 0.1901, 0.1347],
        [0.0400, 0.2505, 0.4304, 0.2647, 0.0144],
        [0.0157, 0.1134, 0.2529, 0.6149, 0.0030],
        [0.0011, 0.1586, 0.0061, 0.0031, 0.8310]], device='cuda:0')
Validating...
 22%|▉                                                                                                      | 43/200 [45:10<2:42:00, 61.92s/it]2.73s/it]
Computing Metrics on Val dataset

Epoch 42 score:
SOD f1_metric: 71.93499755859375%
SOD F1 score: tensor([0.9167, 0.4642, 0.5149, 0.5934, 0.8854], device='cuda:0')
SOD OA: 0.7254745960235596
SOD mIoU: tensor(0.5422, device='cuda:0')
SOD IoU per class: tensor([0.8462, 0.3022, 0.3467, 0.4218, 0.7943], device='cuda:0')
SOD Precision per class: tensor([0.8861, 0.4748, 0.6566, 0.4982, 0.9156], device='cuda:0')
SOD Recall per class: tensor([0.9494, 0.4540, 0.4235, 0.7334, 0.8570], device='cuda:0')
SOD True class proportion: tensor([0.3607, 0.1373, 0.2131, 0.1388, 0.1502], device='cuda:0')
SOD Pred class proportion: tensor([0.3864, 0.1312, 0.1374, 0.2043, 0.1406], device='cuda:0')
SOD Normalized Confusion Matrix (row=true, col=pred):
tensor([[9.4941e-01, 3.9392e-02, 8.5880e-03, 2.4935e-03, 1.2031e-04],
        [1.5293e-01, 4.5397e-01, 1.2550e-01, 1.8401e-01, 8.3579e-02],
        [9.3022e-02, 1.2398e-01, 4.2346e-01, 3.5838e-01, 1.1587e-03],
        [2.1508e-02, 5.0994e-02, 1.9334e-01, 7.3344e-01, 7.2060e-04],
        [1.3808e-03, 1.4125e-01, 2.5495e-04, 7.2790e-05, 8.5704e-01]],
       device='cuda:0')
SOD Train-Val IoU gap per class: tensor([-0.0723, -0.0347, -0.0484, -0.0476, -0.0995], device='cuda:0')
Combined score: 71.93499755859375%
Train Epoch Loss: 0.570
Train Cross Entropy Epoch Loss: 0.570
Train Water Consistency Epoch Loss: 0.000
Validation Epoch Loss: 0.473
Validation Cross Entropy Epoch Loss: 0.473
Validation val_edge_consistency_loss: 0.000
Water edge Accuarcy: 0.0
Validation SOD mIoU: 0.5422
Learning Rate: 8.91e-04
Early stopping counter: 3/30
100%|| 16/16 [00:44<00:00,  2.80s/it]
Train SOD mIoU: 0.4877
Train SOD IoU per class: tensor([0.7709, 0.2743, 0.3061, 0.3734, 0.7139], device='cuda:0')
Train SOD Precision per class: tensor([0.8564, 0.4534, 0.5022, 0.4899, 0.8308], device='cuda:0')
Train SOD Recall per class: tensor([0.8853, 0.4097, 0.4394, 0.6109, 0.8353], device='cuda:0')
Train SOD True class proportion: tensor([0.1963, 0.2383, 0.2081, 0.1674, 0.1899], device='cuda:0')
Train SOD Pred class proportion: tensor([0.2029, 0.2153, 0.1821, 0.2088, 0.1910], device='cuda:0')
Train SOD Normalized Confusion Matrix (row=true, col=pred):
tensor([[0.8853, 0.0738, 0.0159, 0.0235, 0.0015],
        [0.0728, 0.4097, 0.1923, 0.2059, 0.1193],
        [0.0402, 0.2546, 0.4394, 0.2513, 0.0145],
        [0.0190, 0.1242, 0.2426, 0.6109, 0.0033],
        [0.0013, 0.1550, 0.0056, 0.0028, 0.8353]], device='cuda:0')
Validating...
 22%|▌                                                                                                     | 44/200 [46:14<2:42:31, 62.51s/it]3.00s/it]
Computing Metrics on Val dataset

Epoch 43 score:
SOD f1_metric: 70.66400146484375%
SOD F1 score: tensor([0.9203, 0.4839, 0.4448, 0.5894, 0.8771], device='cuda:0')
SOD OA: 0.7153140306472778
SOD mIoU: tensor(0.5313, device='cuda:0')
SOD IoU per class: tensor([0.8523, 0.3192, 0.2860, 0.4178, 0.7811], device='cuda:0')
SOD Precision per class: tensor([0.8947, 0.4638, 0.6756, 0.4743, 0.9224], device='cuda:0')
SOD Recall per class: tensor([0.9473, 0.5058, 0.3315, 0.7782, 0.8360], device='cuda:0')
SOD True class proportion: tensor([0.3607, 0.1373, 0.2131, 0.1388, 0.1502], device='cuda:0')
SOD Pred class proportion: tensor([0.3819, 0.1497, 0.1046, 0.2278, 0.1361], device='cuda:0')
SOD Normalized Confusion Matrix (row=true, col=pred):
tensor([[9.4734e-01, 4.4556e-02, 5.3103e-03, 2.6213e-03, 1.7694e-04],
        [1.3568e-01, 5.0579e-01, 8.3098e-02, 2.0162e-01, 7.3816e-02],
        [8.7757e-02, 1.5207e-01, 3.3154e-01, 4.2756e-01, 1.0604e-03],
        [1.9461e-02, 5.3045e-02, 1.4830e-01, 7.7820e-01, 9.9321e-04],
        [1.1189e-03, 1.6263e-01, 1.4962e-04, 5.4225e-05, 8.3605e-01]],
       device='cuda:0')
SOD Train-Val IoU gap per class: tensor([-0.0815, -0.0449,  0.0201, -0.0444, -0.0672], device='cuda:0')
Combined score: 70.66400146484375%
Train Epoch Loss: 0.576
Train Cross Entropy Epoch Loss: 0.576
Train Water Consistency Epoch Loss: 0.000
Validation Epoch Loss: 0.482
Validation Cross Entropy Epoch Loss: 0.482
Validation val_edge_consistency_loss: 0.000
Water edge Accuarcy: 0.0
Validation SOD mIoU: 0.5313
Learning Rate: 8.86e-04
Early stopping counter: 4/30
100%|| 16/16 [00:42<00:00,  2.69s/it]
Train SOD mIoU: 0.4945
Train SOD IoU per class: tensor([0.7961, 0.2673, 0.3244, 0.3772, 0.7077], device='cuda:0')
Train SOD Precision per class: tensor([0.8735, 0.4591, 0.5029, 0.4991, 0.8174], device='cuda:0')
Train SOD Recall per class: tensor([0.8999, 0.3902, 0.4775, 0.6069, 0.8406], device='cuda:0')
Train SOD True class proportion: tensor([0.2043, 0.2365, 0.2068, 0.1586, 0.1938], device='cuda:0')
Train SOD Pred class proportion: tensor([0.2105, 0.2010, 0.1963, 0.1928, 0.1993], device='cuda:0')
Train SOD Normalized Confusion Matrix (row=true, col=pred):
tensor([[0.8999, 0.0633, 0.0142, 0.0211, 0.0015],
        [0.0698, 0.3902, 0.2190, 0.1834, 0.1375],
        [0.0350, 0.2393, 0.4775, 0.2335, 0.0147],
        [0.0170, 0.1107, 0.2620, 0.6069, 0.0034],
        [0.0010, 0.1484, 0.0068, 0.0032, 0.8406]], device='cuda:0')
Validating...
 22%|▎                                                                                                    | 45/200 [47:15<2:40:10, 62.00s/it]2.77s/it]
Computing Metrics on Val dataset

Epoch 44 score:
SOD f1_metric: 72.18800354003906%
SOD F1 score: tensor([0.9130, 0.4418, 0.5317, 0.6046, 0.8972], device='cuda:0')
SOD OA: 0.7312005162239075
SOD mIoU: tensor(0.5465, device='cuda:0')
SOD IoU per class: tensor([0.8400, 0.2835, 0.3621, 0.4333, 0.8136], device='cuda:0')
SOD Precision per class: tensor([0.8825, 0.4635, 0.6417, 0.5440, 0.8589], device='cuda:0')
SOD Recall per class: tensor([0.9458, 0.4220, 0.4538, 0.6804, 0.9391], device='cuda:0')
SOD True class proportion: tensor([0.3607, 0.1373, 0.2131, 0.1388, 0.1502], device='cuda:0')
SOD Pred class proportion: tensor([0.3865, 0.1250, 0.1507, 0.1736, 0.1642], device='cuda:0')
SOD Normalized Confusion Matrix (row=true, col=pred):
tensor([[9.4577e-01, 4.7358e-02, 5.2130e-03, 1.4632e-03, 1.9538e-04],
        [1.3944e-01, 4.2200e-01, 1.4299e-01, 1.3204e-01, 1.6353e-01],
        [1.0546e-01, 1.5470e-01, 4.5383e-01, 2.8393e-01, 2.0826e-03],
        [2.6568e-02, 5.7713e-02, 2.3386e-01, 6.8040e-01, 1.4519e-03],
        [8.9388e-04, 5.9877e-02, 1.1801e-04, 5.2571e-05, 9.3906e-01]],
       device='cuda:0')
SOD Train-Val IoU gap per class: tensor([-0.0438, -0.0162, -0.0377, -0.0561, -0.1059], device='cuda:0')
Combined score: 72.18800354003906%
Train Epoch Loss: 0.557
Train Cross Entropy Epoch Loss: 0.557
Train Water Consistency Epoch Loss: 0.000
Validation Epoch Loss: 0.463
Validation Cross Entropy Epoch Loss: 0.463
Validation val_edge_consistency_loss: 0.000
Water edge Accuarcy: 0.0
Validation SOD mIoU: 0.5465
Learning Rate: 8.81e-04
Early stopping counter: 5/30
100%|| 16/16 [00:43<00:00,  2.75s/it]
Train SOD mIoU: 0.4998
Train SOD IoU per class: tensor([0.7890, 0.2676, 0.3113, 0.4081, 0.7230], device='cuda:0')
Train SOD Precision per class: tensor([0.8687, 0.4498, 0.5051, 0.5195, 0.8360], device='cuda:0')
Train SOD Recall per class: tensor([0.8959, 0.3978, 0.4480, 0.6555, 0.8425], device='cuda:0')
Train SOD True class proportion: tensor([0.2055, 0.2321, 0.2042, 0.1605, 0.1977], device='cuda:0')
Train SOD Pred class proportion: tensor([0.2120, 0.2053, 0.1811, 0.2025, 0.1992], device='cuda:0')
Train SOD Normalized Confusion Matrix (row=true, col=pred):
tensor([[0.8959, 0.0675, 0.0140, 0.0214, 0.0013],
        [0.0750, 0.3978, 0.2155, 0.1890, 0.1227],
        [0.0363, 0.2621, 0.4480, 0.2376, 0.0161],
        [0.0175, 0.1005, 0.2224, 0.6555, 0.0040],
        [0.0009, 0.1488, 0.0051, 0.0026, 0.8425]], device='cuda:0')
Validating...
 23%|▉                                                                                                    | 46/200 [48:16<2:38:37, 61.80s/it]2.79s/it]
Computing Metrics on Val dataset

Epoch 45 score:
SOD f1_metric: 72.8239974975586%
SOD F1 score: tensor([0.9188, 0.4723, 0.5292, 0.6117, 0.8945], device='cuda:0')
SOD OA: 0.7343997359275818
SOD mIoU: tensor(0.5537, device='cuda:0')
SOD IoU per class: tensor([0.8499, 0.3091, 0.3598, 0.4406, 0.8091], device='cuda:0')
SOD Precision per class: tensor([0.8896, 0.4623, 0.6523, 0.5476, 0.8937], device='cuda:0')
SOD Recall per class: tensor([0.9500, 0.4827, 0.4453, 0.6928, 0.8953], device='cuda:0')
SOD True class proportion: tensor([0.3607, 0.1373, 0.2131, 0.1388, 0.1502], device='cuda:0')
SOD Pred class proportion: tensor([0.3852, 0.1433, 0.1455, 0.1756, 0.1504], device='cuda:0')
SOD Normalized Confusion Matrix (row=true, col=pred):
tensor([[9.5005e-01, 4.0054e-02, 8.0215e-03, 1.7088e-03, 1.6768e-04],
        [1.5272e-01, 4.8272e-01, 1.1886e-01, 1.3242e-01, 1.1328e-01],
        [8.7987e-02, 1.8088e-01, 4.4526e-01, 2.8460e-01, 1.2728e-03],
        [1.8869e-02, 6.1605e-02, 2.2597e-01, 6.9283e-01, 7.3114e-04],
        [1.1996e-03, 1.0343e-01, 7.9591e-05, 3.4557e-05, 8.9525e-01]],
       device='cuda:0')
SOD Train-Val IoU gap per class: tensor([-0.0608, -0.0416, -0.0485, -0.0325, -0.0861], device='cuda:0')
Combined score: 72.8239974975586%
Train Epoch Loss: 0.552
Train Cross Entropy Epoch Loss: 0.552
Train Water Consistency Epoch Loss: 0.000
Validation Epoch Loss: 0.470
Validation Cross Entropy Epoch Loss: 0.470
Validation val_edge_consistency_loss: 0.000
Water edge Accuarcy: 0.0
Validation SOD mIoU: 0.5537
Learning Rate: 8.76e-04
Early stopping counter: 6/30
100%|| 16/16 [00:43<00:00,  2.72s/it]
Train SOD mIoU: 0.4926
Train SOD IoU per class: tensor([0.7657, 0.2698, 0.3346, 0.3890, 0.7038], device='cuda:0')
Train SOD Precision per class: tensor([0.8582, 0.4569, 0.5095, 0.5142, 0.8210], device='cuda:0')
Train SOD Recall per class: tensor([0.8765, 0.3973, 0.4937, 0.6150, 0.8314], device='cuda:0')
Train SOD True class proportion: tensor([0.1979, 0.2370, 0.2090, 0.1565, 0.1997], device='cuda:0')
Train SOD Pred class proportion: tensor([0.2021, 0.2061, 0.2025, 0.1872, 0.2022], device='cuda:0')
Train SOD Normalized Confusion Matrix (row=true, col=pred):
tensor([[0.8765, 0.0783, 0.0207, 0.0229, 0.0014],
        [0.0763, 0.3973, 0.2206, 0.1723, 0.1335],
        [0.0386, 0.2367, 0.4937, 0.2135, 0.0175],
        [0.0145, 0.1017, 0.2649, 0.6150, 0.0038],
        [0.0011, 0.1553, 0.0074, 0.0048, 0.8314]], device='cuda:0')
Validating...
 24%|▌                                                                                                   | 47/200 [49:18<2:37:32, 61.78s/it]2.91s/it]
Computing Metrics on Val dataset

Epoch 46 score:
SOD f1_metric: 71.45500183105469%
SOD F1 score: tensor([0.9097, 0.4387, 0.5018, 0.6056, 0.9007], device='cuda:0')
SOD OA: 0.7272316813468933
SOD mIoU: tensor(0.5408, device='cuda:0')
SOD IoU per class: tensor([0.8343, 0.2810, 0.3349, 0.4343, 0.8193], device='cuda:0')
SOD Precision per class: tensor([0.8721, 0.4632, 0.6279, 0.5475, 0.8485], device='cuda:0')
SOD Recall per class: tensor([0.9505, 0.4168, 0.4179, 0.6774, 0.9597], device='cuda:0')
