wandb: WARNING Symlinked 1 file into the W&B run directory; call wandb.save again to sync new files.
Save Config File
Options initialised
100%|| 56/56 [09:24<00:00, 10.08s/it]
Data setup complete.
-----------------------------------
Starting Training
-----------------------------------
Training...
100%|| 50/50 [00:28<00:00,  1.73it/s]
100%|| 16/16 [00:46<00:00,  2.93s/it]
Train SOD mIoU: 0.4763
Train SOD IoU per class: tensor([0.7018, 0.3354, 0.3461, 0.2718, 0.7266], device='cuda:0')
Train SOD Precision per class: tensor([0.7699, 0.7828, 0.4907, 0.3572, 0.8520], device='cuda:0')
Train SOD Recall per class: tensor([0.8880, 0.3698, 0.5400, 0.5318, 0.8315], device='cuda:0')
Train SOD True class proportion: tensor([0.2393, 0.2316, 0.1733, 0.1493, 0.2065], device='cuda:0')
Train SOD Pred class proportion: tensor([0.2761, 0.1094, 0.1907, 0.2222, 0.2015], device='cuda:0')
Train SOD Normalized Confusion Matrix (row=true, col=pred):
tensor([[0.8880, 0.0117, 0.0280, 0.0648, 0.0074],
        [0.1680, 0.3698, 0.1255, 0.2258, 0.1108],
        [0.0527, 0.0360, 0.5400, 0.3663, 0.0050],
        [0.0644, 0.0194, 0.3741, 0.5318, 0.0102],
        [0.0284, 0.0572, 0.0267, 0.0561, 0.8315]], device='cuda:0')
Validating...
100%|| 16/16 [00:46<00:00,  2.46s/it]
Computing Metrics on Val dataset

Epoch 0 score:
SOD f1_metric: 61.46200180053711%
SOD F1 score: tensor([0.8502, 0.5500, 0.1586, 0.4652, 0.8931], device='cuda:0')
SOD OA: 0.6412563323974609
SOD mIoU: tensor(0.4630, device='cuda:0')
SOD IoU per class: tensor([0.7395, 0.3793, 0.0861, 0.3031, 0.8068], device='cuda:0')
SOD Precision per class: tensor([0.8117, 0.4488, 0.3025, 0.4096, 0.9701], device='cuda:0')
SOD Recall per class: tensor([0.8926, 0.7101, 0.1074, 0.5383, 0.8273], device='cuda:0')
SOD True class proportion: tensor([0.3607, 0.1373, 0.2131, 0.1388, 0.1502], device='cuda:0')
SOD Pred class proportion: tensor([0.3966, 0.2172, 0.0757, 0.1825, 0.1281], device='cuda:0')
SOD Normalized Confusion Matrix (row=true, col=pred):
tensor([[8.9258e-01, 9.9758e-02, 1.0761e-03, 6.0767e-03, 5.0964e-04],
        [1.1482e-01, 7.1010e-01, 1.3606e-02, 1.3573e-01, 2.5741e-02],
        [2.5689e-01, 2.3309e-01, 1.0745e-01, 4.0257e-01, 2.0240e-06],
        [2.9479e-02, 6.7287e-02, 3.6412e-01, 5.3833e-01, 7.8450e-04],
        [4.8653e-04, 1.6468e-01, 3.1306e-05, 7.4755e-03, 8.2733e-01]],
       device='cuda:0')
SOD Train-Val IoU gap per class: tensor([-0.0377, -0.0439,  0.2600, -0.0313, -0.0802], device='cuda:0')
Combined score: 61.46200180053711%
Train Epoch Loss: 0.753
Train Cross Entropy Epoch Loss: 0.753
Train Water Consistency Epoch Loss: 0.000
Validation Epoch Loss: 0.666
Validation Cross Entropy Epoch Loss: 0.666
Validation val_edge_consistency_loss: 0.000
Water edge Accuarcy: 0.0
Validation SOD mIoU: 0.4630
Learning Rate: 1.00e-04
saving model....
model saved successfully at ./work_dirs/My_DS51/best_model_My_DS51.pth
100%|| 50/50 [00:12<00:00,  3.89it/s]
100%|| 16/16 [00:46<00:00,  2.91s/it]
Train SOD mIoU: 0.5871
Train SOD IoU per class: tensor([0.8019, 0.4981, 0.4559, 0.3836, 0.7962], device='cuda:0')
Train SOD Precision per class: tensor([0.8482, 0.7619, 0.6091, 0.5246, 0.8972], device='cuda:0')
Train SOD Recall per class: tensor([0.9363, 0.5900, 0.6444, 0.5881, 0.8761], device='cuda:0')
Train SOD True class proportion: tensor([0.2392, 0.2164, 0.1854, 0.1500, 0.2089], device='cuda:0')
Train SOD Pred class proportion: tensor([0.2641, 0.1676, 0.1962, 0.1682, 0.2040], device='cuda:0')
Train SOD Normalized Confusion Matrix (row=true, col=pred):
tensor([[0.9363, 0.0212, 0.0128, 0.0267, 0.0030],
        [0.1252, 0.5900, 0.1002, 0.0965, 0.0881],
        [0.0302, 0.0527, 0.6444, 0.2705, 0.0022],
        [0.0251, 0.0387, 0.3431, 0.5881, 0.0051],
        [0.0174, 0.0922, 0.0021, 0.0121, 0.8761]], device='cuda:0')
Validating...
  1%|▋                                                                                                                                                                       | 2/200 [02:16<3:40:24, 66.79s/it]2.46s/it]
Computing Metrics on Val dataset

Epoch 1 score:
SOD f1_metric: 60.24700164794922%
SOD F1 score: tensor([0.8590, 0.4901, 0.1425, 0.3952, 0.9334], device='cuda:0')
SOD OA: 0.6340690851211548
SOD mIoU: tensor(0.4551, device='cuda:0')
SOD IoU per class: tensor([0.7529, 0.3246, 0.0767, 0.2463, 0.8751], device='cuda:0')
SOD Precision per class: tensor([0.8065, 0.3935, 0.2274, 0.4442, 0.9212], device='cuda:0')
SOD Recall per class: tensor([0.9188, 0.6493, 0.1037, 0.3560, 0.9458], device='cuda:0')
SOD True class proportion: tensor([0.3607, 0.1373, 0.2131, 0.1388, 0.1502], device='cuda:0')
SOD Pred class proportion: tensor([0.4109, 0.2265, 0.0972, 0.1113, 0.1542], device='cuda:0')
SOD Normalized Confusion Matrix (row=true, col=pred):
tensor([[9.1882e-01, 7.8621e-02, 9.3295e-04, 1.5783e-03, 4.2929e-05],
        [1.4609e-01, 6.4931e-01, 2.6822e-02, 9.3859e-02, 8.3915e-02],
        [2.5588e-01, 4.1149e-01, 1.0373e-01, 2.2688e-01, 2.0264e-03],
        [3.4194e-02, 9.6868e-02, 5.1165e-01, 3.5600e-01, 1.2909e-03],
        [1.1147e-03, 5.2341e-02, 4.7131e-04, 2.4815e-04, 9.4583e-01]],
       device='cuda:0')
SOD Train-Val IoU gap per class: tensor([ 0.0490,  0.1736,  0.3792,  0.1373, -0.0789], device='cuda:0')
Combined score: 60.24700164794922%
Train Epoch Loss: 0.561
Train Cross Entropy Epoch Loss: 0.561
Train Water Consistency Epoch Loss: 0.000
Validation Epoch Loss: 0.725
Validation Cross Entropy Epoch Loss: 0.725
Validation val_edge_consistency_loss: 0.000
Water edge Accuarcy: 0.0
Validation SOD mIoU: 0.4551
Learning Rate: 1.00e-04
Early stopping counter: 1/30
100%|| 16/16 [00:47<00:00,  2.96s/it]
Train SOD mIoU: 0.6399
Train SOD IoU per class: tensor([0.8070, 0.5673, 0.5125, 0.5075, 0.8053], device='cuda:0')
Train SOD Precision per class: tensor([0.8426, 0.8012, 0.6712, 0.6592, 0.8936], device='cuda:0')
Train SOD Recall per class: tensor([0.9503, 0.6602, 0.6844, 0.6880, 0.8907], device='cuda:0')
Train SOD True class proportion: tensor([0.2437, 0.2292, 0.1731, 0.1478, 0.2063], device='cuda:0')
Train SOD Pred class proportion: tensor([0.2749, 0.1888, 0.1765, 0.1543, 0.2056], device='cuda:0')
Train SOD Normalized Confusion Matrix (row=true, col=pred):
tensor([[0.9503, 0.0237, 0.0095, 0.0155, 0.0010],
        [0.1243, 0.6602, 0.0846, 0.0416, 0.0893],
        [0.0364, 0.0550, 0.6844, 0.2230, 0.0013],
        [0.0245, 0.0374, 0.2437, 0.6880, 0.0064],
        [0.0237, 0.0810, 0.0014, 0.0032, 0.8907]], device='cuda:0')
Validating...
  2%|▌                                                                                                                                                                      | 3/200 [03:18<3:32:00, 64.57s/it]2.36s/it]
Computing Metrics on Val dataset

Epoch 2 score:
SOD f1_metric: 49.51900100708008%
SOD F1 score: tensor([0.8157, 0.4074, 0.1443, 0.5967, 0.2097], device='cuda:0')
SOD OA: 0.539513111114502
SOD mIoU: tensor(0.3129, device='cuda:0')
SOD IoU per class: tensor([0.6887, 0.2558, 0.0778, 0.4252, 0.1172], device='cuda:0')
SOD Precision per class: tensor([0.8244, 0.2804, 0.5659, 0.4762, 0.9617], device='cuda:0')
SOD Recall per class: tensor([0.8072, 0.7446, 0.0827, 0.7989, 0.1177], device='cuda:0')
SOD True class proportion: tensor([0.3607, 0.1373, 0.2131, 0.1388, 0.1502], device='cuda:0')
SOD Pred class proportion: tensor([0.3531, 0.3645, 0.0311, 0.2329, 0.0184], device='cuda:0')
SOD Normalized Confusion Matrix (row=true, col=pred):
tensor([[8.0717e-01, 4.2146e-02, 1.5335e-03, 1.4915e-01, 0.0000e+00],
        [1.1705e-01, 7.4457e-01, 1.0446e-02, 1.2483e-01, 3.1112e-03],
        [2.0403e-01, 4.7284e-01, 8.2693e-02, 2.3916e-01, 1.2731e-03],
        [1.7560e-02, 1.0091e-01, 8.2636e-02, 7.9885e-01, 3.9147e-05],
        [2.4528e-04, 8.8109e-01, 4.0927e-04, 5.4771e-04, 1.1770e-01]],
       device='cuda:0')
SOD Train-Val IoU gap per class: tensor([0.1182, 0.3115, 0.4348, 0.0823, 0.6881], device='cuda:0')
Combined score: 49.51900100708008%
Train Epoch Loss: 0.498
Train Cross Entropy Epoch Loss: 0.498
Train Water Consistency Epoch Loss: 0.000
Validation Epoch Loss: 0.821
Validation Cross Entropy Epoch Loss: 0.821
Validation val_edge_consistency_loss: 0.000
Water edge Accuarcy: 0.0
Validation SOD mIoU: 0.3129
Learning Rate: 9.99e-05
Early stopping counter: 2/30
100%|| 16/16 [00:45<00:00,  2.85s/it]
Train SOD mIoU: 0.6618
Train SOD IoU per class: tensor([0.8138, 0.5697, 0.5724, 0.5413, 0.8117], device='cuda:0')
Train SOD Precision per class: tensor([0.8464, 0.7823, 0.7251, 0.6963, 0.9098], device='cuda:0')
Train SOD Recall per class: tensor([0.9549, 0.6770, 0.7311, 0.7085, 0.8828], device='cuda:0')
Train SOD True class proportion: tensor([0.2367, 0.2112, 0.1976, 0.1482, 0.2063], device='cuda:0')
Train SOD Pred class proportion: tensor([0.2670, 0.1828, 0.1992, 0.1508, 0.2002], device='cuda:0')
Train SOD Normalized Confusion Matrix (row=true, col=pred):
tensor([[9.5485e-01, 2.3125e-02, 6.6680e-03, 1.4433e-02, 9.2263e-04],
        [1.1221e-01, 6.7703e-01, 1.0175e-01, 3.1040e-02, 7.7972e-02],
        [3.0319e-02, 5.7426e-02, 7.3106e-01, 1.7769e-01, 3.5048e-03],
        [3.5729e-02, 4.0154e-02, 2.1100e-01, 7.0849e-01, 4.6277e-03],
        [2.9258e-02, 8.2522e-02, 2.0112e-03, 3.4357e-03, 8.8277e-01]],
       device='cuda:0')
Validating...
  2%|▍                                                                                                                                                                     | 4/200 [04:17<3:23:11, 62.20s/it]2.35s/it]
Computing Metrics on Val dataset

Epoch 3 score:
SOD f1_metric: 60.35599899291992%
SOD F1 score: tensor([0.9236, 0.3356, 0.1301, 0.5428, 0.8078], device='cuda:0')
SOD OA: 0.6267719268798828
SOD mIoU: tensor(0.4359, device='cuda:0')
SOD IoU per class: tensor([0.8581, 0.2016, 0.0696, 0.3725, 0.6776], device='cuda:0')
SOD Precision per class: tensor([0.9362, 0.2513, 0.2696, 0.7191, 0.6781], device='cuda:0')
SOD Recall per class: tensor([0.9113, 0.5049, 0.0858, 0.4359, 0.9988], device='cuda:0')
SOD True class proportion: tensor([0.3607, 0.1373, 0.2131, 0.1388, 0.1502], device='cuda:0')
SOD Pred class proportion: tensor([0.3511, 0.2758, 0.0678, 0.0842, 0.2212], device='cuda:0')
SOD Normalized Confusion Matrix (row=true, col=pred):
tensor([[9.1133e-01, 8.7317e-02, 8.2031e-05, 8.2389e-04, 4.4973e-04],
        [7.3435e-02, 5.0492e-01, 2.1751e-02, 1.7144e-02, 3.8275e-01],
        [4.3859e-02, 7.0144e-01, 8.5758e-02, 9.8491e-02, 7.0454e-02],
        [2.0503e-02, 1.8355e-01, 3.3501e-01, 4.3592e-01, 2.5017e-02],
        [7.5536e-04, 3.8716e-04, 0.0000e+00, 9.4779e-06, 9.9885e-01]],
       device='cuda:0')
SOD Train-Val IoU gap per class: tensor([-0.0443,  0.3681,  0.5028,  0.1688,  0.1341], device='cuda:0')
Combined score: 60.35599899291992%
Train Epoch Loss: 0.466
Train Cross Entropy Epoch Loss: 0.466
Train Water Consistency Epoch Loss: 0.000
Validation Epoch Loss: 0.829
Validation Cross Entropy Epoch Loss: 0.829
Validation val_edge_consistency_loss: 0.000
Water edge Accuarcy: 0.0
Validation SOD mIoU: 0.4359
Learning Rate: 9.99e-05
Early stopping counter: 3/30
100%|| 16/16 [00:46<00:00,  2.89s/it]
Train SOD mIoU: 0.6634
Train SOD IoU per class: tensor([0.8070, 0.5978, 0.5606, 0.5332, 0.8186], device='cuda:0')
Train SOD Precision per class: tensor([0.8429, 0.8060, 0.7304, 0.6669, 0.9153], device='cuda:0')
Train SOD Recall per class: tensor([0.9500, 0.6982, 0.7068, 0.7267, 0.8857], device='cuda:0')
Train SOD True class proportion: tensor([0.2375, 0.2240, 0.1878, 0.1411, 0.2095], device='cuda:0')
Train SOD Pred class proportion: tensor([0.2677, 0.1941, 0.1817, 0.1538, 0.2027], device='cuda:0')
Train SOD Normalized Confusion Matrix (row=true, col=pred):
tensor([[0.9500, 0.0309, 0.0042, 0.0138, 0.0011],
        [0.1070, 0.6982, 0.0867, 0.0360, 0.0722],
        [0.0255, 0.0564, 0.7068, 0.2095, 0.0018],
        [0.0285, 0.0412, 0.2005, 0.7267, 0.0030],
        [0.0443, 0.0662, 0.0012, 0.0026, 0.8857]], device='cuda:0')
Validating...
  2%|▏                                                                                                                                                                    | 5/200 [05:15<3:17:56, 60.90s/it]2.32s/it]
Computing Metrics on Val dataset

Epoch 4 score:
SOD f1_metric: 57.32500076293945%
SOD F1 score: tensor([0.9178, 0.4093, 0.0769, 0.5392, 0.6314], device='cuda:0')
SOD OA: 0.5818803310394287
SOD mIoU: tensor(0.3952, device='cuda:0')
SOD IoU per class: tensor([0.8481, 0.2573, 0.0400, 0.3691, 0.4614], device='cuda:0')
SOD Precision per class: tensor([0.9497, 0.2663, 0.1969, 0.7280, 0.9617], device='cuda:0')
SOD Recall per class: tensor([0.8880, 0.8847, 0.0478, 0.4281, 0.4700], device='cuda:0')
SOD True class proportion: tensor([0.3607, 0.1373, 0.2131, 0.1388, 0.1502], device='cuda:0')
SOD Pred class proportion: tensor([0.3372, 0.4561, 0.0517, 0.0816, 0.0734], device='cuda:0')
SOD Normalized Confusion Matrix (row=true, col=pred):
tensor([[8.8796e-01, 1.1173e-01, 1.4349e-06, 3.1712e-04, 0.0000e+00],
        [6.7393e-02, 8.8469e-01, 1.0484e-02, 1.9223e-02, 1.8206e-02],
        [2.6753e-02, 8.3305e-01, 4.7757e-02, 9.1262e-02, 1.1824e-03],
        [1.3671e-02, 2.6918e-01, 2.8860e-01, 4.2814e-01, 4.0483e-04],
        [6.7437e-04, 5.2915e-01, 1.0225e-04, 7.0941e-05, 4.7000e-01]],
       device='cuda:0')
SOD Train-Val IoU gap per class: tensor([-0.0411,  0.3404,  0.5206,  0.1641,  0.3572], device='cuda:0')
Combined score: 57.32500076293945%
Train Epoch Loss: 0.437
Train Cross Entropy Epoch Loss: 0.437
Train Water Consistency Epoch Loss: 0.000
Validation Epoch Loss: 0.892
Validation Cross Entropy Epoch Loss: 0.892
Validation val_edge_consistency_loss: 0.000
Water edge Accuarcy: 0.0
Validation SOD mIoU: 0.3952
Learning Rate: 9.98e-05
Early stopping counter: 4/30
100%|| 16/16 [00:47<00:00,  2.99s/it]
Train SOD mIoU: 0.6856
Train SOD IoU per class: tensor([0.8287, 0.6421, 0.5537, 0.5802, 0.8233], device='cuda:0')
Train SOD Precision per class: tensor([0.8636, 0.7891, 0.7672, 0.6985, 0.9352], device='cuda:0')
Train SOD Recall per class: tensor([0.9534, 0.7751, 0.6655, 0.7742, 0.8731], device='cuda:0')
Train SOD True class proportion: tensor([0.2425, 0.2169, 0.1729, 0.1486, 0.2191], device='cuda:0')
Train SOD Pred class proportion: tensor([0.2677, 0.2130, 0.1500, 0.1647, 0.2046], device='cuda:0')
Train SOD Normalized Confusion Matrix (row=true, col=pred):
tensor([[0.9534, 0.0322, 0.0032, 0.0100, 0.0010],
        [0.0889, 0.7751, 0.0493, 0.0299, 0.0567],
        [0.0205, 0.0822, 0.6655, 0.2305, 0.0013],
        [0.0209, 0.0455, 0.1562, 0.7742, 0.0032],
        [0.0483, 0.0736, 0.0011, 0.0039, 0.8731]], device='cuda:0')
Validating...
100%|| 16/16 [00:47<00:00,  2.52s/it]
Computing Metrics on Val dataset

Epoch 5 score:
SOD f1_metric: 67.45600128173828%
SOD F1 score: tensor([0.8796, 0.5094, 0.3356, 0.5995, 0.8833], device='cuda:0')
SOD OA: 0.6747235059738159
SOD mIoU: tensor(0.5095, device='cuda:0')
SOD IoU per class: tensor([0.7851, 0.3417, 0.2016, 0.4281, 0.7911], device='cuda:0')
SOD Precision per class: tensor([0.9397, 0.3837, 0.5548, 0.5132, 0.9753], device='cuda:0')
SOD Recall per class: tensor([0.8268, 0.7576, 0.2405, 0.7208, 0.8073], device='cuda:0')
SOD True class proportion: tensor([0.3607, 0.1373, 0.2131, 0.1388, 0.1502], device='cuda:0')
SOD Pred class proportion: tensor([0.3173, 0.2710, 0.0924, 0.1949, 0.1243], device='cuda:0')
SOD Normalized Confusion Matrix (row=true, col=pred):
tensor([[8.2682e-01, 1.6606e-01, 3.7747e-03, 3.3470e-03, 5.9789e-07],
        [6.4263e-02, 7.5756e-01, 8.4606e-02, 7.4176e-02, 1.9396e-02],
        [4.3961e-02, 3.2201e-01, 2.4055e-01, 3.9154e-01, 1.9321e-03],
        [3.3412e-03, 7.4356e-02, 2.0152e-01, 7.2077e-01, 1.2738e-05],
        [3.2618e-03, 1.8782e-01, 1.1773e-03, 4.9113e-04, 8.0725e-01]],
       device='cuda:0')
SOD Train-Val IoU gap per class: tensor([0.0435, 0.3004, 0.3520, 0.1521, 0.0323], device='cuda:0')
Combined score: 67.45600128173828%
Train Epoch Loss: 0.407
Train Cross Entropy Epoch Loss: 0.407
Train Water Consistency Epoch Loss: 0.000
Validation Epoch Loss: 0.571
Validation Cross Entropy Epoch Loss: 0.571
Validation val_edge_consistency_loss: 0.000
Water edge Accuarcy: 0.0
Validation SOD mIoU: 0.5095
Learning Rate: 9.98e-05
saving model....
model saved successfully at ./work_dirs/My_DS51/best_model_My_DS51.pth
100%|| 16/16 [00:47<00:00,  3.00s/it]
Train SOD mIoU: 0.6656
Train SOD IoU per class: tensor([0.8004, 0.6563, 0.5259, 0.5256, 0.8197], device='cuda:0')
Train SOD Precision per class: tensor([0.8443, 0.8114, 0.7217, 0.6660, 0.9271], device='cuda:0')
Train SOD Recall per class: tensor([0.9389, 0.7744, 0.6597, 0.7136, 0.8762], device='cuda:0')
Train SOD True class proportion: tensor([0.2400, 0.2244, 0.1686, 0.1422, 0.2248], device='cuda:0')
Train SOD Pred class proportion: tensor([0.2669, 0.2142, 0.1541, 0.1523, 0.2125], device='cuda:0')
Train SOD Normalized Confusion Matrix (row=true, col=pred):
tensor([[9.3891e-01, 3.6063e-02, 5.1614e-03, 1.9283e-02, 5.8358e-04],
        [8.9930e-02, 7.7444e-01, 4.8273e-02, 2.1495e-02, 6.5857e-02],
        [2.6728e-02, 7.2056e-02, 6.5969e-01, 2.4032e-01, 1.2072e-03],
        [3.1822e-02, 3.7326e-02, 2.1456e-01, 7.1364e-01, 2.6507e-03],
        [5.4883e-02, 6.3501e-02, 1.4235e-03, 4.0283e-03, 8.7616e-01]],
       device='cuda:0')
Validating...
  4%|▉                                                                                                                                                                   | 7/200 [07:20<3:18:13, 61.62s/it]2.62s/it]
Computing Metrics on Val dataset

Epoch 6 score:
SOD f1_metric: 60.64400100708008%
SOD F1 score: tensor([0.9154, 0.4492, 0.0611, 0.7236, 0.6735], device='cuda:0')
SOD OA: 0.6438273787498474
SOD mIoU: tensor(0.4480, device='cuda:0')
SOD IoU per class: tensor([0.8441, 0.2897, 0.0315, 0.5669, 0.5078], device='cuda:0')
SOD Precision per class: tensor([0.8565, 0.3101, 0.2620, 0.8076, 0.9333], device='cuda:0')
SOD Recall per class: tensor([0.9831, 0.8145, 0.0346, 0.6554, 0.5269], device='cuda:0')
SOD True class proportion: tensor([0.3607, 0.1373, 0.2131, 0.1388, 0.1502], device='cuda:0')
SOD Pred class proportion: tensor([0.4139, 0.3605, 0.0281, 0.1126, 0.0848], device='cuda:0')
SOD Normalized Confusion Matrix (row=true, col=pred):
tensor([[9.8305e-01, 1.1399e-02, 4.2008e-04, 4.9328e-03, 1.9503e-04],
        [1.3911e-01, 8.1449e-01, 4.3073e-03, 6.9582e-03, 3.5141e-02],
        [1.7212e-01, 7.0128e-01, 3.4602e-02, 8.8881e-02, 3.1151e-03],
        [1.9098e-02, 1.8057e-01, 1.4425e-01, 6.5537e-01, 7.0590e-04],
        [6.4544e-03, 4.6662e-01, 2.1541e-05, 1.7233e-06, 5.2691e-01]],
       device='cuda:0')
SOD Train-Val IoU gap per class: tensor([-0.0437,  0.3666,  0.4944, -0.0413,  0.3119], device='cuda:0')
Combined score: 60.64400100708008%
Train Epoch Loss: 0.411
Train Cross Entropy Epoch Loss: 0.411
Train Water Consistency Epoch Loss: 0.000
Validation Epoch Loss: 0.773
Validation Cross Entropy Epoch Loss: 0.773
Validation val_edge_consistency_loss: 0.000
Water edge Accuarcy: 0.0
Validation SOD mIoU: 0.4480
Learning Rate: 9.97e-05
Early stopping counter: 1/30
100%|| 16/16 [00:46<00:00,  2.92s/it]
Train SOD mIoU: 0.6947
Train SOD IoU per class: tensor([0.8253, 0.6408, 0.6074, 0.5791, 0.8208], device='cuda:0')
Train SOD Precision per class: tensor([0.8638, 0.7995, 0.7670, 0.7303, 0.9198], device='cuda:0')
Train SOD Recall per class: tensor([0.9488, 0.7635, 0.7448, 0.7366, 0.8841], device='cuda:0')
Train SOD True class proportion: tensor([0.2319, 0.2215, 0.1947, 0.1363, 0.2155], device='cuda:0')
Train SOD Pred class proportion: tensor([0.2547, 0.2115, 0.1891, 0.1375, 0.2072], device='cuda:0')
Train SOD Normalized Confusion Matrix (row=true, col=pred):
tensor([[9.4877e-01, 3.1182e-02, 6.2324e-03, 1.2939e-02, 8.7864e-04],
        [8.1471e-02, 7.6354e-01, 6.8391e-02, 1.6957e-02, 6.9643e-02],
        [2.5749e-02, 7.5993e-02, 7.4484e-01, 1.5185e-01, 1.5674e-03],
        [2.5821e-02, 3.2376e-02, 2.0029e-01, 7.3660e-01, 4.9099e-03],
        [3.7632e-02, 7.4095e-02, 6.9162e-04, 3.5157e-03, 8.8407e-01]],
       device='cuda:0')
Validating...
  4%|▊                                                                                                                                                                  | 8/200 [08:18<3:14:10, 60.68s/it]2.46s/it]
Computing Metrics on Val dataset

Epoch 7 score:
SOD f1_metric: 60.952999114990234%
SOD F1 score: tensor([0.8269, 0.4273, 0.1446, 0.5910, 0.9308], device='cuda:0')
SOD OA: 0.6094381809234619
SOD mIoU: tensor(0.4689, device='cuda:0')
SOD IoU per class: tensor([0.7049, 0.2717, 0.0780, 0.4194, 0.8706], device='cuda:0')
SOD Precision per class: tensor([0.9273, 0.2880, 0.2701, 0.7406, 0.9473], device='cuda:0')
SOD Recall per class: tensor([0.7462, 0.8280, 0.0988, 0.4916, 0.9148], device='cuda:0')
SOD True class proportion: tensor([0.3607, 0.1373, 0.2131, 0.1388, 0.1502], device='cuda:0')
SOD Pred class proportion: tensor([0.2902, 0.3947, 0.0779, 0.0921, 0.1450], device='cuda:0')
SOD Normalized Confusion Matrix (row=true, col=pred):
tensor([[7.4616e-01, 2.5317e-01, 1.0427e-04, 5.2339e-04, 3.8026e-05],
        [8.2723e-02, 8.2799e-01, 2.8340e-02, 1.4086e-02, 4.6865e-02],
        [3.3228e-02, 7.6049e-01, 9.8773e-02, 1.0217e-01, 5.3372e-03],
        [1.3344e-02, 1.1346e-01, 3.8118e-01, 4.9162e-01, 4.0235e-04],
        [5.3636e-03, 7.9406e-02, 3.2828e-04, 6.0314e-05, 9.1484e-01]],
       device='cuda:0')
SOD Train-Val IoU gap per class: tensor([ 0.1204,  0.3691,  0.5295,  0.1597, -0.0497], device='cuda:0')
Combined score: 60.952999114990234%
Train Epoch Loss: 0.393
Train Cross Entropy Epoch Loss: 0.393
Train Water Consistency Epoch Loss: 0.000
Validation Epoch Loss: 0.744
Validation Cross Entropy Epoch Loss: 0.744
Validation val_edge_consistency_loss: 0.000
Water edge Accuarcy: 0.0
Validation SOD mIoU: 0.4689
Learning Rate: 9.96e-05
Early stopping counter: 2/30
100%|| 16/16 [00:48<00:00,  3.03s/it]
Train SOD mIoU: 0.7011
Train SOD IoU per class: tensor([0.8208, 0.6559, 0.5991, 0.6092, 0.8207], device='cuda:0')
Train SOD Precision per class: tensor([0.8560, 0.8148, 0.7472, 0.7702, 0.9261], device='cuda:0')
Train SOD Recall per class: tensor([0.9523, 0.7708, 0.7514, 0.7445, 0.8782], device='cuda:0')
Train SOD True class proportion: tensor([0.2382, 0.2153, 0.1800, 0.1522, 0.2144], device='cuda:0')
Train SOD Pred class proportion: tensor([0.2649, 0.2036, 0.1810, 0.1471, 0.2033], device='cuda:0')
Train SOD Normalized Confusion Matrix (row=true, col=pred):
tensor([[9.5227e-01, 3.4564e-02, 4.5312e-03, 7.8612e-03, 7.7526e-04],
        [8.6681e-02, 7.7083e-01, 6.4530e-02, 1.1873e-02, 6.6086e-02],
        [2.6668e-02, 6.1101e-02, 7.5142e-01, 1.5915e-01, 1.6672e-03],
        [2.0977e-02, 3.1144e-02, 2.0131e-01, 7.4453e-01, 2.0344e-03],
        [5.3625e-02, 6.4077e-02, 7.0833e-04, 3.4336e-03, 8.7816e-01]],
       device='cuda:0')
Validating...
  4%|▌                                                                                                                                                                 | 9/200 [09:20<3:14:13, 61.01s/it]2.23s/it]
Computing Metrics on Val dataset

Epoch 8 score:
SOD f1_metric: 67.39800262451172%
SOD F1 score: tensor([0.8643, 0.4455, 0.3721, 0.6417, 0.8839], device='cuda:0')
SOD OA: 0.6825560331344604
SOD mIoU: tensor(0.5081, device='cuda:0')
SOD IoU per class: tensor([0.7611, 0.2866, 0.2285, 0.4724, 0.7920], device='cuda:0')
SOD Precision per class: tensor([0.8757, 0.3798, 0.6478, 0.5115, 0.9357], device='cuda:0')
SOD Recall per class: tensor([0.8532, 0.5388, 0.2610, 0.8608, 0.8376], device='cuda:0')
SOD True class proportion: tensor([0.3607, 0.1373, 0.2131, 0.1388, 0.1502], device='cuda:0')
SOD Pred class proportion: tensor([0.3514, 0.1947, 0.0858, 0.2336, 0.1344], device='cuda:0')
SOD Normalized Confusion Matrix (row=true, col=pred):
tensor([[8.5322e-01, 1.4215e-01, 1.5362e-03, 2.7931e-03, 3.0062e-04],
        [8.6493e-02, 5.3877e-01, 1.4566e-01, 1.8077e-01, 4.8300e-02],
        [1.1476e-01, 2.0336e-01, 2.6097e-01, 4.1350e-01, 7.4052e-03],
        [2.1818e-02, 4.6768e-02, 6.8305e-02, 8.6077e-01, 2.3420e-03],
        [2.8725e-02, 1.3104e-01, 1.3266e-03, 1.3117e-03, 8.3759e-01]],
       device='cuda:0')
SOD Train-Val IoU gap per class: tensor([0.0597, 0.3693, 0.3705, 0.1368, 0.0286], device='cuda:0')
Combined score: 67.39800262451172%
Train Epoch Loss: 0.375
Train Cross Entropy Epoch Loss: 0.375
Train Water Consistency Epoch Loss: 0.000
Validation Epoch Loss: 0.608
Validation Cross Entropy Epoch Loss: 0.608
Validation val_edge_consistency_loss: 0.000
Water edge Accuarcy: 0.0
Validation SOD mIoU: 0.5081
Learning Rate: 9.95e-05
Early stopping counter: 3/30
100%|| 16/16 [00:46<00:00,  2.91s/it]
Train SOD mIoU: 0.7121
Train SOD IoU per class: tensor([0.8197, 0.6652, 0.6303, 0.6072, 0.8382], device='cuda:0')
Train SOD Precision per class: tensor([0.8590, 0.8196, 0.7706, 0.7672, 0.9353], device='cuda:0')
Train SOD Recall per class: tensor([0.9470, 0.7793, 0.7759, 0.7443, 0.8898], device='cuda:0')
Train SOD True class proportion: tensor([0.2365, 0.2257, 0.1870, 0.1423, 0.2086], device='cuda:0')
Train SOD Pred class proportion: tensor([0.2607, 0.2146, 0.1882, 0.1380, 0.1984], device='cuda:0')
Train SOD Normalized Confusion Matrix (row=true, col=pred):
tensor([[9.4704e-01, 3.8895e-02, 2.3584e-03, 1.0982e-02, 7.2133e-04],
        [8.9520e-02, 7.7932e-01, 6.2179e-02, 1.5270e-02, 5.3716e-02],
        [2.1530e-02, 6.5640e-02, 7.7587e-01, 1.3558e-01, 1.3755e-03],
        [2.5739e-02, 2.8166e-02, 1.9984e-01, 7.4425e-01, 2.0015e-03],
        [4.2498e-02, 6.3433e-02, 7.1791e-04, 3.5353e-03, 8.8982e-01]],
       device='cuda:0')
Validating...
  5%|▍                                                                                                                                                               | 10/200 [10:21<3:12:41, 60.85s/it]2.47s/it]
Computing Metrics on Val dataset

Epoch 9 score:
SOD f1_metric: 59.395999908447266%
SOD F1 score: tensor([0.8791, 0.3315, 0.4862, 0.5203, 0.3701], device='cuda:0')
SOD OA: 0.5887953639030457
SOD mIoU: tensor(0.3766, device='cuda:0')
SOD IoU per class: tensor([0.7843, 0.1987, 0.3211, 0.3516, 0.2271], device='cuda:0')
SOD Precision per class: tensor([0.9160, 0.2627, 0.5205, 0.4320, 0.9626], device='cuda:0')
SOD Recall per class: tensor([0.8450, 0.4490, 0.4561, 0.6540, 0.2291], device='cuda:0')
SOD True class proportion: tensor([0.3607, 0.1373, 0.2131, 0.1388, 0.1502], device='cuda:0')
SOD Pred class proportion: tensor([0.3327, 0.2346, 0.1867, 0.2102, 0.0357], device='cuda:0')
SOD Normalized Confusion Matrix (row=true, col=pred):
tensor([[8.4502e-01, 1.0742e-01, 1.6000e-02, 3.1554e-02, 5.7398e-06],
        [7.2927e-02, 4.4905e-01, 2.9613e-01, 1.7239e-01, 9.5054e-03],
        [6.1735e-02, 8.7187e-02, 4.5610e-01, 3.9486e-01, 1.1617e-04],
        [1.4910e-02, 2.4933e-02, 3.0608e-01, 6.5405e-01, 2.7962e-05],
        [1.8051e-02, 7.4731e-01, 4.2538e-03, 1.2867e-03, 2.2910e-01]],
       device='cuda:0')
SOD Train-Val IoU gap per class: tensor([0.0354, 0.4665, 0.3092, 0.2555, 0.6112], device='cuda:0')
Combined score: 59.395999908447266%
Train Epoch Loss: 0.366
Train Cross Entropy Epoch Loss: 0.366
Train Water Consistency Epoch Loss: 0.000
Validation Epoch Loss: 0.652
Validation Cross Entropy Epoch Loss: 0.652
Validation val_edge_consistency_loss: 0.000
Water edge Accuarcy: 0.0
Validation SOD mIoU: 0.3766
Learning Rate: 9.94e-05
Early stopping counter: 4/30
100%|| 16/16 [00:47<00:00,  2.94s/it]
Train SOD mIoU: 0.7224
Train SOD IoU per class: tensor([0.8284, 0.6929, 0.6376, 0.5972, 0.8560], device='cuda:0')
Train SOD Precision per class: tensor([0.8737, 0.8184, 0.7742, 0.7742, 0.9479], device='cuda:0')
Train SOD Recall per class: tensor([0.9410, 0.8187, 0.7832, 0.7232, 0.8983], device='cuda:0')
Train SOD True class proportion: tensor([0.2381, 0.2213, 0.1846, 0.1423, 0.2137], device='cuda:0')
Train SOD Pred class proportion: tensor([0.2564, 0.2214, 0.1868, 0.1329, 0.2025], device='cuda:0')
Train SOD Normalized Confusion Matrix (row=true, col=pred):
tensor([[9.4104e-01, 4.4883e-02, 3.0377e-03, 1.0264e-02, 7.7253e-04],
        [7.9471e-02, 8.1868e-01, 4.5514e-02, 1.1950e-02, 4.4380e-02],
        [2.0699e-02, 6.2217e-02, 7.8321e-01, 1.3242e-01, 1.4536e-03],
        [2.6498e-02, 2.8602e-02, 2.1982e-01, 7.2315e-01, 1.9317e-03],
        [3.3720e-02, 6.5301e-02, 5.0256e-04, 2.1988e-03, 8.9828e-01]],
       device='cuda:0')
Validating...
100%|| 16/16 [00:46<00:00,  2.49s/it]
Computing Metrics on Val dataset

Epoch 10 score:
SOD f1_metric: 67.80500030517578%
SOD F1 score: tensor([0.8944, 0.5631, 0.1834, 0.7315, 0.9161], device='cuda:0')
SOD OA: 0.7201173901557922
SOD mIoU: tensor(0.5447, device='cuda:0')
SOD IoU per class: tensor([0.8089, 0.3919, 0.1010, 0.5767, 0.8451], device='cuda:0')
SOD Precision per class: tensor([0.8269, 0.4457, 0.4956, 0.7247, 0.9168], device='cuda:0')
SOD Recall per class: tensor([0.9739, 0.7646, 0.1125, 0.7384, 0.9153], device='cuda:0')
SOD True class proportion: tensor([0.3607, 0.1373, 0.2131, 0.1388, 0.1502], device='cuda:0')
SOD Pred class proportion: tensor([0.4248, 0.2355, 0.0484, 0.1414, 0.1499], device='cuda:0')
SOD Normalized Confusion Matrix (row=true, col=pred):
tensor([[9.7388e-01, 2.4749e-02, 3.7356e-04, 9.9872e-04, 2.7503e-06],
        [1.4224e-01, 7.6456e-01, 7.1395e-03, 2.3038e-02, 6.3023e-02],
        [2.3467e-01, 4.7015e-01, 1.1253e-01, 1.6598e-01, 1.6668e-02],
        [2.7537e-02, 6.4444e-02, 1.6772e-01, 7.3840e-01, 1.8965e-03],
        [1.2939e-03, 8.3099e-02, 7.1802e-05, 2.3867e-04, 9.1530e-01]],
       device='cuda:0')
SOD Train-Val IoU gap per class: tensor([0.0194, 0.3010, 0.5366, 0.0205, 0.0109], device='cuda:0')
Combined score: 67.80500030517578%
Train Epoch Loss: 0.346
Train Cross Entropy Epoch Loss: 0.346
Train Water Consistency Epoch Loss: 0.000
Validation Epoch Loss: 0.614
Validation Cross Entropy Epoch Loss: 0.614
Validation val_edge_consistency_loss: 0.000
Water edge Accuarcy: 0.0
Validation SOD mIoU: 0.5447
Learning Rate: 9.93e-05
saving model....
model saved successfully at ./work_dirs/My_DS51/best_model_My_DS51.pth
100%|| 16/16 [00:45<00:00,  2.86s/it]
Train SOD mIoU: 0.7365
Train SOD IoU per class: tensor([0.8446, 0.6943, 0.6590, 0.6470, 0.8376], device='cuda:0')
Train SOD Precision per class: tensor([0.8849, 0.8076, 0.8072, 0.7945, 0.9462], device='cuda:0')
Train SOD Recall per class: tensor([0.9488, 0.8318, 0.7821, 0.7770, 0.8795], device='cuda:0')
Train SOD True class proportion: tensor([0.2373, 0.2227, 0.1866, 0.1427, 0.2107], device='cuda:0')
Train SOD Pred class proportion: tensor([0.2544, 0.2294, 0.1808, 0.1396, 0.1958], device='cuda:0')
Train SOD Normalized Confusion Matrix (row=true, col=pred):
tensor([[9.4876e-01, 4.1905e-02, 3.1901e-03, 5.4075e-03, 7.3788e-04],
        [7.3428e-02, 8.3184e-01, 4.0559e-02, 1.1522e-02, 4.2647e-02],
        [1.8619e-02, 6.7169e-02, 7.8205e-01, 1.3033e-01, 1.8243e-03],
        [1.7297e-02, 2.7149e-02, 1.7487e-01, 7.7699e-01, 3.6933e-03],
        [3.3119e-02, 8.4429e-02, 4.5600e-04, 2.4544e-03, 8.7954e-01]],
       device='cuda:0')
Validating...
  6%|                                                                                                                                                              | 12/200 [12:22<3:09:36, 60.51s/it]2.19s/it]
Computing Metrics on Val dataset

Epoch 11 score:
SOD f1_metric: 61.77899932861328%
SOD F1 score: tensor([0.8539, 0.3042, 0.2730, 0.6076, 0.8359], device='cuda:0')
SOD OA: 0.6773257851600647
SOD mIoU: tensor(0.4474, device='cuda:0')
SOD IoU per class: tensor([0.7451, 0.1794, 0.1581, 0.4364, 0.7181], device='cuda:0')
SOD Precision per class: tensor([0.7506, 0.7170, 0.6001, 0.4866, 0.7419], device='cuda:0')
SOD Recall per class: tensor([0.9904, 0.1930, 0.1767, 0.8085, 0.9572], device='cuda:0')
SOD True class proportion: tensor([0.3607, 0.1373, 0.2131, 0.1388, 0.1502], device='cuda:0')
SOD Pred class proportion: tensor([0.4759, 0.0370, 0.0628, 0.2306, 0.1937], device='cuda:0')
SOD Normalized Confusion Matrix (row=true, col=pred):
tensor([[9.9036e-01, 1.8303e-03, 2.8895e-03, 3.4456e-03, 1.4724e-03],
        [2.7393e-01, 1.9305e-01, 4.5716e-02, 1.6676e-01, 3.2054e-01],
        [3.1873e-01, 4.1849e-02, 1.7671e-01, 4.4228e-01, 2.0426e-02],
        [4.9777e-02, 5.5145e-03, 1.2808e-01, 8.0854e-01, 8.0892e-03],
        [4.1862e-02, 7.6426e-04, 0.0000e+00, 1.2723e-04, 9.5725e-01]],
       device='cuda:0')
SOD Train-Val IoU gap per class: tensor([0.0995, 0.5149, 0.5009, 0.2106, 0.1195], device='cuda:0')
Combined score: 61.77899932861328%
Train Epoch Loss: 0.330
Train Cross Entropy Epoch Loss: 0.330
Train Water Consistency Epoch Loss: 0.000
Validation Epoch Loss: 0.675
Validation Cross Entropy Epoch Loss: 0.675
Validation val_edge_consistency_loss: 0.000
Water edge Accuarcy: 0.0
Validation SOD mIoU: 0.4474
Learning Rate: 9.91e-05
Early stopping counter: 1/30
100%|| 16/16 [00:48<00:00,  3.04s/it]
Train SOD mIoU: 0.7690
Train SOD IoU per class: tensor([0.8322, 0.7173, 0.7062, 0.7148, 0.8743], device='cuda:0')
Train SOD Precision per class: tensor([0.8777, 0.8266, 0.8415, 0.8440, 0.9591], device='cuda:0')
Train SOD Recall per class: tensor([0.9414, 0.8444, 0.8146, 0.8236, 0.9081], device='cuda:0')
Train SOD True class proportion: tensor([0.2236, 0.2248, 0.1859, 0.1487, 0.2170], device='cuda:0')
Train SOD Pred class proportion: tensor([0.2399, 0.2297, 0.1799, 0.1451, 0.2054], device='cuda:0')
Train SOD Normalized Confusion Matrix (row=true, col=pred):
tensor([[9.4136e-01, 4.8693e-02, 2.3510e-03, 6.8166e-03, 7.7878e-04],
        [7.3329e-02, 8.4440e-01, 3.8717e-02, 9.0963e-03, 3.4462e-02],
        [1.6623e-02, 6.7500e-02, 8.1458e-01, 9.9964e-02, 1.3331e-03],
        [1.9757e-02, 2.6147e-02, 1.2894e-01, 8.2363e-01, 1.5347e-03],
        [3.1399e-02, 5.7660e-02, 5.6572e-04, 2.2863e-03, 9.0809e-01]],
       device='cuda:0')
Validating...
  6%|▉                                                                                                                                                             | 13/200 [13:24<3:10:09, 61.01s/it]2.69s/it]
Computing Metrics on Val dataset

Epoch 12 score:
SOD f1_metric: 64.46399688720703%
SOD F1 score: tensor([0.8853, 0.4218, 0.2370, 0.6068, 0.8838], device='cuda:0')
SOD OA: 0.6995568871498108
SOD mIoU: tensor(0.4846, device='cuda:0')
SOD IoU per class: tensor([0.7942, 0.2673, 0.1345, 0.4355, 0.7918], device='cuda:0')
SOD Precision per class: tensor([0.8081, 0.8167, 0.6843, 0.4510, 0.7998], device='cuda:0')
SOD Recall per class: tensor([0.9788, 0.2843, 0.1433, 0.9269, 0.9876], device='cuda:0')
SOD True class proportion: tensor([0.3607, 0.1373, 0.2131, 0.1388, 0.1502], device='cuda:0')
SOD Pred class proportion: tensor([0.4369, 0.0478, 0.0446, 0.2853, 0.1854], device='cuda:0')
SOD Normalized Confusion Matrix (row=true, col=pred):
tensor([[9.7881e-01, 4.9055e-03, 3.8657e-03, 1.2131e-02, 2.9105e-04],
        [2.0466e-01, 2.8431e-01, 6.1843e-02, 2.0344e-01, 2.4575e-01],
        [2.3412e-01, 2.7558e-02, 1.4335e-01, 5.8274e-01, 1.2227e-02],
        [3.3235e-02, 4.6352e-03, 3.0285e-02, 9.2688e-01, 4.9618e-03],
        [8.3247e-03, 3.1665e-03, 5.2272e-05, 8.9121e-04, 9.8757e-01]],
       device='cuda:0')
SOD Train-Val IoU gap per class: tensor([0.0380, 0.4500, 0.5717, 0.2793, 0.0825], device='cuda:0')
Combined score: 64.46399688720703%
Train Epoch Loss: 0.307
Train Cross Entropy Epoch Loss: 0.307
Train Water Consistency Epoch Loss: 0.000
Validation Epoch Loss: 0.597
Validation Cross Entropy Epoch Loss: 0.597
Validation val_edge_consistency_loss: 0.000
Water edge Accuarcy: 0.0
Validation SOD mIoU: 0.4846
Learning Rate: 9.90e-05
Early stopping counter: 2/30
100%|| 16/16 [00:48<00:00,  3.06s/it]
Train SOD mIoU: 0.7534
Train SOD IoU per class: tensor([0.8127, 0.6970, 0.6882, 0.7154, 0.8536], device='cuda:0')
Train SOD Precision per class: tensor([0.8650, 0.8210, 0.8428, 0.8260, 0.9439], device='cuda:0')
Train SOD Recall per class: tensor([0.9307, 0.8220, 0.7895, 0.8422, 0.8992], device='cuda:0')
Train SOD True class proportion: tensor([0.2323, 0.2387, 0.1801, 0.1487, 0.2003], device='cuda:0')
Train SOD Pred class proportion: tensor([0.2500, 0.2389, 0.1687, 0.1516, 0.1908], device='cuda:0')
Train SOD Normalized Confusion Matrix (row=true, col=pred):
tensor([[9.3074e-01, 5.6869e-02, 3.7032e-03, 8.0519e-03, 6.3849e-04],
        [8.6511e-02, 8.2196e-01, 3.7006e-02, 1.2626e-02, 4.1897e-02],
        [1.9999e-02, 7.3141e-02, 7.8951e-01, 1.1556e-01, 1.7901e-03],
        [2.0865e-02, 2.3149e-02, 1.1212e-01, 8.4224e-01, 1.6304e-03],
        [3.2000e-02, 6.4640e-02, 7.7923e-04, 3.3540e-03, 8.9923e-01]],
       device='cuda:0')
Validating...
  7%|▊                                                                                                                                                            | 14/200 [14:26<3:10:13, 61.36s/it]2.36s/it]
Computing Metrics on Val dataset

Epoch 13 score:
SOD f1_metric: 62.28200149536133%
SOD F1 score: tensor([0.9328, 0.4459, 0.2145, 0.5256, 0.7093], device='cuda:0')
SOD OA: 0.6331383585929871
SOD mIoU: tensor(0.4374, device='cuda:0')
SOD IoU per class: tensor([0.8741, 0.2869, 0.1201, 0.3565, 0.5496], device='cuda:0')
SOD Precision per class: tensor([0.8997, 0.3169, 0.3311, 0.6724, 0.9148], device='cuda:0')
SOD Recall per class: tensor([0.9685, 0.7516, 0.1586, 0.4315, 0.5792], device='cuda:0')
SOD True class proportion: tensor([0.3607, 0.1373, 0.2131, 0.1388, 0.1502], device='cuda:0')
SOD Pred class proportion: tensor([0.3882, 0.3255, 0.1021, 0.0891, 0.0951], device='cuda:0')
SOD Normalized Confusion Matrix (row=true, col=pred):
tensor([[9.6849e-01, 2.5919e-02, 1.9252e-05, 5.5751e-03, 0.0000e+00],
        [1.1296e-01, 7.5160e-01, 1.8392e-02, 6.9757e-02, 4.7291e-02],
        [9.5884e-02, 6.5587e-01, 1.5860e-01, 8.2195e-02, 7.4498e-03],
        [1.4855e-02, 7.9942e-02, 4.7357e-01, 4.3148e-01, 1.5783e-04],
        [6.2074e-03, 4.1392e-01, 9.5353e-05, 5.7068e-04, 5.7921e-01]],
       device='cuda:0')
SOD Train-Val IoU gap per class: tensor([-0.0615,  0.4102,  0.5681,  0.3588,  0.3040], device='cuda:0')
Combined score: 62.28200149536133%
Train Epoch Loss: 0.324
Train Cross Entropy Epoch Loss: 0.324
Train Water Consistency Epoch Loss: 0.000
Validation Epoch Loss: 0.708
Validation Cross Entropy Epoch Loss: 0.708
Validation val_edge_consistency_loss: 0.000
Water edge Accuarcy: 0.0
Validation SOD mIoU: 0.4374
Learning Rate: 9.88e-05
Early stopping counter: 3/30
100%|| 16/16 [00:49<00:00,  3.07s/it]
Train SOD mIoU: 0.7810
Train SOD IoU per class: tensor([0.8383, 0.7149, 0.7568, 0.7239, 0.8710], device='cuda:0')
Train SOD Precision per class: tensor([0.8868, 0.8207, 0.8803, 0.8386, 0.9621], device='cuda:0')
Train SOD Recall per class: tensor([0.9388, 0.8473, 0.8436, 0.8410, 0.9020], device='cuda:0')
Train SOD True class proportion: tensor([0.2402, 0.2230, 0.1995, 0.1235, 0.2138], device='cuda:0')
Train SOD Pred class proportion: tensor([0.2543, 0.2302, 0.1912, 0.1239, 0.2004], device='cuda:0')
Train SOD Normalized Confusion Matrix (row=true, col=pred):
tensor([[9.3875e-01, 5.2260e-02, 3.0300e-03, 5.3680e-03, 5.9073e-04],
        [7.7157e-02, 8.4729e-01, 3.5189e-02, 8.5820e-03, 3.1779e-02],
        [1.3750e-02, 6.0390e-02, 8.4362e-01, 8.1164e-02, 1.0758e-03],
        [1.8539e-02, 2.3756e-02, 1.1537e-01, 8.4101e-01, 1.3186e-03],
        [3.0712e-02, 6.4239e-02, 3.2985e-04, 2.7512e-03, 9.0197e-01]],
       device='cuda:0')
Validating...
  8%|▌                                                                                                                                                           | 15/200 [15:29<3:10:49, 61.89s/it]2.57s/it]
Computing Metrics on Val dataset

Epoch 14 score:
SOD f1_metric: 62.03099822998047%
SOD F1 score: tensor([0.9064, 0.4344, 0.0882, 0.5711, 0.9036], device='cuda:0')
SOD OA: 0.6417763829231262
SOD mIoU: tensor(0.4753, device='cuda:0')
SOD IoU per class: tensor([0.8288, 0.2775, 0.0461, 0.3997, 0.8241], device='cuda:0')
SOD Precision per class: tensor([0.9276, 0.3070, 0.1664, 0.8609, 0.8337], device='cuda:0')
