wandb: WARNING Symlinked 1 file into the W&B run directory; call wandb.save again to sync new files.
Save Config File
Options initialised
100%|| 53/53 [09:33<00:00, 10.82s/it]
Data setup complete.
-----------------------------------
Starting Training
-----------------------------------
Training...
100%|| 50/50 [00:39<00:00,  1.27it/s]
100%|| 16/16 [01:27<00:00,  5.49s/it]
Train SOD mIoU: 0.3609
Train SOD IoU per class: tensor([0.4691, 0.0547, 0.3609, 0.2793, 0.6406], device='cuda:0')
Train SOD Precision per class: tensor([0.5326, 0.6464, 0.4739, 0.3739, 0.7739], device='cuda:0')
Train SOD Recall per class: tensor([0.7973, 0.0564, 0.6022, 0.5245, 0.7880], device='cuda:0')
Train SOD True class proportion: tensor([0.2026, 0.2433, 0.2115, 0.1506, 0.1921], device='cuda:0')
Train SOD Pred class proportion: tensor([0.3033, 0.0212, 0.2687, 0.2113, 0.1955], device='cuda:0')
Train SOD Normalized Confusion Matrix (row=true, col=pred):
tensor([[0.7973, 0.0040, 0.0654, 0.1292, 0.0041],
        [0.2555, 0.0564, 0.2790, 0.2613, 0.1478],
        [0.2356, 0.0120, 0.6022, 0.1256, 0.0246],
        [0.1278, 0.0091, 0.3238, 0.5245, 0.0147],
        [0.0548, 0.0145, 0.0596, 0.0831, 0.7880]], device='cuda:0')
Validating...
100%|| 16/16 [01:27<00:00,  4.85s/it]
Computing Metrics on Val dataset

Epoch 0 score:
SOD f1_metric: 52.500999450683594%
SOD F1 score: tensor([0.6757, 0.2020, 0.4523, 0.3806, 0.6952], device='cuda:0')
SOD OA: 0.5375487804412842
SOD mIoU: tensor(0.3365, device='cuda:0')
SOD IoU per class: tensor([0.5102, 0.1123, 0.2922, 0.2350, 0.5327], device='cuda:0')
SOD Precision per class: tensor([0.7776, 0.3553, 0.4984, 0.3093, 0.5412], device='cuda:0')
SOD Recall per class: tensor([0.5974, 0.1411, 0.4139, 0.4944, 0.9715], device='cuda:0')
SOD True class proportion: tensor([0.3607, 0.1373, 0.2131, 0.1388, 0.1502], device='cuda:0')
SOD Pred class proportion: tensor([0.2771, 0.0545, 0.1770, 0.2219, 0.2695], device='cuda:0')
SOD Normalized Confusion Matrix (row=true, col=pred):
tensor([[5.9740e-01, 4.7674e-02, 9.2457e-02, 2.6171e-01, 7.5834e-04],
        [1.3723e-01, 1.4110e-01, 1.3269e-01, 1.2683e-01, 4.6215e-01],
        [1.7291e-01, 5.4209e-02, 4.1393e-01, 1.8825e-01, 1.7069e-01],
        [3.9183e-02, 3.0547e-02, 2.6597e-01, 4.9442e-01, 1.6988e-01],
        [3.3769e-03, 1.4388e-02, 1.9378e-03, 8.8020e-03, 9.7150e-01]],
       device='cuda:0')
SOD Train-Val IoU gap per class: tensor([-0.0411, -0.0576,  0.0687,  0.0443,  0.1078], device='cuda:0')
Combined score: 52.500999450683594%
Train Epoch Loss: 0.936
Train Cross Entropy Epoch Loss: 0.936
Train Water Consistency Epoch Loss: 0.000
Validation Epoch Loss: 0.892
Validation Cross Entropy Epoch Loss: 0.892
Validation val_edge_consistency_loss: 0.000
Water edge Accuarcy: 0.0
Validation SOD mIoU: 0.3365
Learning Rate: 9.99e-05
saving model....
model saved successfully at ./work_dirs/My_DS50/best_model_My_DS50.pth
100%|| 50/50 [00:19<00:00,  2.61it/s]
100%|| 16/16 [01:25<00:00,  5.33s/it]
Train SOD mIoU: 0.4701
Train SOD IoU per class: tensor([0.6340, 0.1875, 0.4597, 0.3342, 0.7349], device='cuda:0')
Train SOD Precision per class: tensor([0.7034, 0.7107, 0.5303, 0.4803, 0.8182], device='cuda:0')
Train SOD Recall per class: tensor([0.8652, 0.2030, 0.7754, 0.5235, 0.8783], device='cuda:0')
Train SOD True class proportion: tensor([0.1869, 0.2386, 0.2126, 0.1597, 0.2021], device='cuda:0')
Train SOD Pred class proportion: tensor([0.2298, 0.0682, 0.3109, 0.1741, 0.2170], device='cuda:0')
Train SOD Normalized Confusion Matrix (row=true, col=pred):
tensor([[0.8652, 0.0071, 0.0796, 0.0463, 0.0018],
        [0.1342, 0.2030, 0.2765, 0.2457, 0.1406],
        [0.0813, 0.0347, 0.7754, 0.0910, 0.0176],
        [0.0729, 0.0221, 0.3701, 0.5235, 0.0114],
        [0.0357, 0.0370, 0.0301, 0.0189, 0.8783]], device='cuda:0')
Validating...
100%|| 16/16 [01:24<00:00,  4.89s/it]
Computing Metrics on Val dataset

Epoch 1 score:
SOD f1_metric: 73.55699920654297%
SOD F1 score: tensor([0.8981, 0.5225, 0.5890, 0.6429, 0.8336], device='cuda:0')
SOD OA: 0.7373526692390442
SOD mIoU: tensor(0.5549, device='cuda:0')
SOD IoU per class: tensor([0.8150, 0.3537, 0.4174, 0.4737, 0.7147], device='cuda:0')
SOD Precision per class: tensor([0.8714, 0.5261, 0.5954, 0.6479, 0.8775], device='cuda:0')
SOD Recall per class: tensor([0.9265, 0.5190, 0.5827, 0.6380, 0.7940], device='cuda:0')
SOD True class proportion: tensor([0.3607, 0.1373, 0.2131, 0.1388, 0.1502], device='cuda:0')
SOD Pred class proportion: tensor([0.3835, 0.1354, 0.2086, 0.1367, 0.1359], device='cuda:0')
SOD Normalized Confusion Matrix (row=true, col=pred):
tensor([[9.2649e-01, 1.3799e-02, 5.2757e-02, 6.5067e-03, 4.4999e-04],
        [1.4930e-01, 5.1901e-01, 1.7799e-01, 5.7201e-02, 9.6502e-02],
        [1.1370e-01, 1.1459e-01, 5.8269e-01, 1.7691e-01, 1.2113e-02],
        [2.8914e-02, 3.4577e-02, 2.9374e-01, 6.3802e-01, 4.7411e-03],
        [3.8416e-03, 1.9960e-01, 9.8505e-04, 1.5951e-03, 7.9398e-01]],
       device='cuda:0')
SOD Train-Val IoU gap per class: tensor([-0.1811, -0.1662,  0.0423, -0.1396,  0.0202], device='cuda:0')
Combined score: 73.55699920654297%
Train Epoch Loss: 0.771
Train Cross Entropy Epoch Loss: 0.771
Train Water Consistency Epoch Loss: 0.000
Validation Epoch Loss: 0.683
Validation Cross Entropy Epoch Loss: 0.683
Validation val_edge_consistency_loss: 0.000
Water edge Accuarcy: 0.0
Validation SOD mIoU: 0.5549
Learning Rate: 9.97e-05
saving model....
model saved successfully at ./work_dirs/My_DS50/best_model_My_DS50.pth
100%|| 16/16 [01:26<00:00,  5.39s/it]
Train SOD mIoU: 0.5248
Train SOD IoU per class: tensor([0.7303, 0.3279, 0.4865, 0.3332, 0.7461], device='cuda:0')
Train SOD Precision per class: tensor([0.7856, 0.7263, 0.5331, 0.5620, 0.8679], device='cuda:0')
Train SOD Recall per class: tensor([0.9122, 0.3742, 0.8477, 0.4502, 0.8416], device='cuda:0')
Train SOD True class proportion: tensor([0.1957, 0.2429, 0.2087, 0.1557, 0.1970], device='cuda:0')
Train SOD Pred class proportion: tensor([0.2273, 0.1251, 0.3318, 0.1247, 0.1911], device='cuda:0')
Train SOD Normalized Confusion Matrix (row=true, col=pred):
tensor([[9.1219e-01, 1.3104e-02, 5.0472e-02, 2.3742e-02, 4.8760e-04],
        [1.0801e-01, 3.7418e-01, 2.7663e-01, 1.5264e-01, 8.8543e-02],
        [4.0778e-02, 5.0661e-02, 8.4766e-01, 5.0069e-02, 1.0832e-02],
        [4.1685e-02, 3.3114e-02, 4.6622e-01, 4.5017e-01, 8.8162e-03],
        [3.8082e-02, 8.0986e-02, 2.6799e-02, 1.2494e-02, 8.4164e-01]],
       device='cuda:0')
Validating...
100%|| 16/16 [01:25<00:00,  4.98s/it]
Computing Metrics on Val dataset

Epoch 2 score:
SOD f1_metric: 75.08999633789062%
SOD F1 score: tensor([0.8978, 0.5158, 0.6257, 0.6499, 0.8840], device='cuda:0')
SOD OA: 0.748589813709259
SOD mIoU: tensor(0.5782, device='cuda:0')
SOD IoU per class: tensor([0.8145, 0.3475, 0.4553, 0.4814, 0.7921], device='cuda:0')
SOD Precision per class: tensor([0.9360, 0.5912, 0.5653, 0.6268, 0.8907], device='cuda:0')
SOD Recall per class: tensor([0.8625, 0.4575, 0.7006, 0.6748, 0.8773], device='cuda:0')
SOD True class proportion: tensor([0.3607, 0.1373, 0.2131, 0.1388, 0.1502], device='cuda:0')
SOD Pred class proportion: tensor([0.3324, 0.1062, 0.2641, 0.1494, 0.1479], device='cuda:0')
SOD Normalized Confusion Matrix (row=true, col=pred):
tensor([[8.6255e-01, 1.6694e-02, 1.0794e-01, 1.2783e-02, 3.6591e-05],
        [9.5918e-02, 4.5746e-01, 2.6792e-01, 7.4587e-02, 1.0411e-01],
        [2.7016e-02, 7.8038e-02, 7.0059e-01, 1.9013e-01, 4.2301e-03],
        [1.3695e-02, 2.7094e-02, 2.7753e-01, 6.7478e-01, 6.9020e-03],
        [2.9526e-03, 1.1322e-01, 3.7160e-03, 2.7604e-03, 8.7735e-01]],
       device='cuda:0')
SOD Train-Val IoU gap per class: tensor([-0.0842, -0.0196,  0.0312, -0.1481, -0.0460], device='cuda:0')
Combined score: 75.08999633789062%
Train Epoch Loss: 0.685
Train Cross Entropy Epoch Loss: 0.685
Train Water Consistency Epoch Loss: 0.000
Validation Epoch Loss: 0.622
Validation Cross Entropy Epoch Loss: 0.622
Validation val_edge_consistency_loss: 0.000
Water edge Accuarcy: 0.0
Validation SOD mIoU: 0.5782
Learning Rate: 9.94e-05
saving model....
model saved successfully at ./work_dirs/My_DS50/best_model_My_DS50.pth
100%|| 16/16 [01:26<00:00,  5.40s/it]
Train SOD mIoU: 0.5624
Train SOD IoU per class: tensor([0.7546, 0.3842, 0.5044, 0.4263, 0.7425], device='cuda:0')
Train SOD Precision per class: tensor([0.7999, 0.7469, 0.5522, 0.7071, 0.8575], device='cuda:0')
Train SOD Recall per class: tensor([0.9302, 0.4417, 0.8533, 0.5177, 0.8471], device='cuda:0')
Train SOD True class proportion: tensor([0.1961, 0.2462, 0.2112, 0.1653, 0.1812], device='cuda:0')
Train SOD Pred class proportion: tensor([0.2280, 0.1456, 0.3263, 0.1211, 0.1790], device='cuda:0')
Train SOD Normalized Confusion Matrix (row=true, col=pred):
tensor([[9.3019e-01, 1.7447e-02, 3.6131e-02, 1.5716e-02, 5.1274e-04],
        [9.3409e-02, 4.4168e-01, 2.8298e-01, 9.4399e-02, 8.7528e-02],
        [3.4277e-02, 6.1089e-02, 8.5333e-01, 3.8501e-02, 1.2799e-02],
        [4.5355e-02, 4.5464e-02, 3.8442e-01, 5.1771e-01, 7.0491e-03],
        [4.3503e-02, 7.1792e-02, 3.2061e-02, 5.5544e-03, 8.4709e-01]],
       device='cuda:0')
Validating...
  2%|▏                                                                                                          | 4/200 [07:25<5:54:27, 108.51s/it]5.03s/it]
Computing Metrics on Val dataset

Epoch 3 score:
SOD f1_metric: 70.50700378417969%
SOD F1 score: tensor([0.9011, 0.5282, 0.5339, 0.5693, 0.7643], device='cuda:0')
SOD OA: 0.7041119933128357
SOD mIoU: tensor(0.5119, device='cuda:0')
SOD IoU per class: tensor([0.8200, 0.3589, 0.3642, 0.3979, 0.6185], device='cuda:0')
SOD Precision per class: tensor([0.8806, 0.4895, 0.5667, 0.5320, 0.8958], device='cuda:0')
SOD Recall per class: tensor([0.9226, 0.5736, 0.5047, 0.6122, 0.6665], device='cuda:0')
SOD True class proportion: tensor([0.3607, 0.1373, 0.2131, 0.1388, 0.1502], device='cuda:0')
SOD Pred class proportion: tensor([0.3779, 0.1608, 0.1898, 0.1598, 0.1117], device='cuda:0')
SOD Normalized Confusion Matrix (row=true, col=pred):
tensor([[9.2264e-01, 1.8954e-02, 4.6722e-02, 1.1684e-02, 2.7982e-06],
        [1.1437e-01, 5.7355e-01, 1.4316e-01, 9.0241e-02, 7.8672e-02],
        [1.2878e-01, 9.1256e-02, 5.0472e-01, 2.7268e-01, 2.5585e-03],
        [1.2774e-02, 5.2694e-02, 3.2013e-01, 6.1222e-01, 2.1733e-03],
        [1.4559e-03, 3.2307e-01, 8.5669e-03, 4.2041e-04, 6.6649e-01]],
       device='cuda:0')
SOD Train-Val IoU gap per class: tensor([-0.0654,  0.0253,  0.1402,  0.0284,  0.1240], device='cuda:0')
Combined score: 70.50700378417969%
Train Epoch Loss: 0.649
Train Cross Entropy Epoch Loss: 0.649
Train Water Consistency Epoch Loss: 0.000
Validation Epoch Loss: 0.728
Validation Cross Entropy Epoch Loss: 0.728
Validation val_edge_consistency_loss: 0.000
Water edge Accuarcy: 0.0
Validation SOD mIoU: 0.5119
Learning Rate: 9.89e-05
Early stopping counter: 1/30
100%|| 16/16 [01:25<00:00,  5.34s/it]
Train SOD mIoU: 0.5817
Train SOD IoU per class: tensor([0.7522, 0.4148, 0.5055, 0.4919, 0.7440], device='cuda:0')
Train SOD Precision per class: tensor([0.8032, 0.7465, 0.5579, 0.7748, 0.8604], device='cuda:0')
Train SOD Recall per class: tensor([0.9221, 0.4829, 0.8434, 0.5739, 0.8461], device='cuda:0')
Train SOD True class proportion: tensor([0.1949, 0.2411, 0.2010, 0.1670, 0.1960], device='cuda:0')
Train SOD Pred class proportion: tensor([0.2238, 0.1559, 0.3038, 0.1237, 0.1928], device='cuda:0')
Train SOD Normalized Confusion Matrix (row=true, col=pred):
tensor([[9.2214e-01, 2.0658e-02, 4.2650e-02, 1.3730e-02, 8.1896e-04],
        [8.4052e-02, 4.8287e-01, 2.7106e-01, 6.7665e-02, 9.4356e-02],
        [3.9687e-02, 6.2421e-02, 8.4341e-01, 3.9194e-02, 1.5290e-02],
        [3.2456e-02, 5.2524e-02, 3.3554e-01, 5.7389e-01, 5.5918e-03],
        [5.2924e-02, 7.2355e-02, 2.3518e-02, 5.0706e-03, 8.4613e-01]],
       device='cuda:0')
Validating...
  2%|▋                                                                                                          | 5/200 [09:09<5:47:40, 106.98s/it]4.98s/it]
Computing Metrics on Val dataset

Epoch 4 score:
SOD f1_metric: 58.6150016784668%
SOD F1 score: tensor([0.9002, 0.3888, 0.5409, 0.5843, 0.0782], device='cuda:0')
SOD OA: 0.6138057708740234
SOD mIoU: tensor(0.3768, device='cuda:0')
SOD IoU per class: tensor([0.8186, 0.2413, 0.3707, 0.4127, 0.0407], device='cuda:0')
SOD Precision per class: tensor([0.8758, 0.2929, 0.6165, 0.5239, 0.9833], device='cuda:0')
SOD Recall per class: tensor([0.9261, 0.5780, 0.4819, 0.6604, 0.0407], device='cuda:0')
SOD True class proportion: tensor([0.3607, 0.1373, 0.2131, 0.1388, 0.1502], device='cuda:0')
SOD Pred class proportion: tensor([0.3814, 0.2708, 0.1666, 0.1750, 0.0062], device='cuda:0')
SOD Normalized Confusion Matrix (row=true, col=pred):
tensor([[9.2608e-01, 4.5408e-02, 2.5739e-02, 2.7734e-03, 0.0000e+00],
        [1.4771e-01, 5.7798e-01, 1.2374e-01, 1.4996e-01, 6.0560e-04],
        [1.1563e-01, 1.1385e-01, 4.8185e-01, 2.8857e-01, 9.0929e-05],
        [1.4160e-02, 5.9920e-02, 2.6550e-01, 6.6041e-01, 8.9479e-06],
        [3.2556e-03, 9.4934e-01, 5.0724e-03, 1.6333e-03, 4.0694e-02]],
       device='cuda:0')
SOD Train-Val IoU gap per class: tensor([-0.0663,  0.1735,  0.1348,  0.0792,  0.7033], device='cuda:0')
Combined score: 58.6150016784668%
Train Epoch Loss: 0.611
Train Cross Entropy Epoch Loss: 0.611
Train Water Consistency Epoch Loss: 0.000
Validation Epoch Loss: 0.829
Validation Cross Entropy Epoch Loss: 0.829
Validation val_edge_consistency_loss: 0.000
Water edge Accuarcy: 0.0
Validation SOD mIoU: 0.3768
Learning Rate: 9.83e-05
Early stopping counter: 2/30
100%|| 16/16 [01:25<00:00,  5.36s/it]
Train SOD mIoU: 0.5875
Train SOD IoU per class: tensor([0.7575, 0.4206, 0.5280, 0.4837, 0.7478], device='cuda:0')
Train SOD Precision per class: tensor([0.8080, 0.7220, 0.5859, 0.7819, 0.8599], device='cuda:0')
Train SOD Recall per class: tensor([0.9237, 0.5018, 0.8425, 0.5592, 0.8516], device='cuda:0')
Train SOD True class proportion: tensor([0.1879, 0.2354, 0.2164, 0.1687, 0.1917], device='cuda:0')
Train SOD Pred class proportion: tensor([0.2148, 0.1636, 0.3111, 0.1206, 0.1898], device='cuda:0')
Train SOD Normalized Confusion Matrix (row=true, col=pred):
tensor([[9.2373e-01, 2.1777e-02, 4.0424e-02, 1.3725e-02, 3.4541e-04],
        [9.1141e-02, 5.0183e-01, 2.4377e-01, 6.5907e-02, 9.7345e-02],
        [3.2508e-02, 7.7252e-02, 8.4247e-01, 3.3687e-02, 1.4084e-02],
        [2.4703e-02, 6.3429e-02, 3.4926e-01, 5.5918e-01, 3.4231e-03],
        [4.4819e-02, 7.2857e-02, 2.5924e-02, 4.8184e-03, 8.5158e-01]],
       device='cuda:0')
Validating...
  3%|▎                                                                                                         | 6/200 [10:52<5:42:02, 105.78s/it]5.03s/it]
Computing Metrics on Val dataset

Epoch 5 score:
SOD f1_metric: 71.50499725341797%
SOD F1 score: tensor([0.9086, 0.4696, 0.4670, 0.6490, 0.8876], device='cuda:0')
SOD OA: 0.7324283719062805
SOD mIoU: tensor(0.5444, device='cuda:0')
SOD IoU per class: tensor([0.8326, 0.3068, 0.3046, 0.4803, 0.7979], device='cuda:0')
SOD Precision per class: tensor([0.8666, 0.4770, 0.6571, 0.5859, 0.8146], device='cuda:0')
SOD Recall per class: tensor([0.9550, 0.4624, 0.3622, 0.7272, 0.9749], device='cuda:0')
SOD True class proportion: tensor([0.3607, 0.1373, 0.2131, 0.1388, 0.1502], device='cuda:0')
SOD Pred class proportion: tensor([0.3975, 0.1331, 0.1174, 0.1723, 0.1797], device='cuda:0')
SOD Normalized Confusion Matrix (row=true, col=pred):
tensor([[9.5499e-01, 2.1450e-02, 1.4473e-02, 1.8854e-03, 7.1992e-03],
        [1.4792e-01, 4.6242e-01, 1.1351e-01, 8.3498e-02, 1.9265e-01],
        [1.2839e-01, 2.1922e-01, 3.6219e-01, 2.7760e-01, 1.2599e-02],
        [2.6491e-02, 9.7265e-02, 1.3756e-01, 7.2723e-01, 1.1459e-02],
        [1.1237e-02, 1.1021e-02, 2.4840e-03, 3.5165e-04, 9.7491e-01]],
       device='cuda:0')
SOD Train-Val IoU gap per class: tensor([-0.0751,  0.1138,  0.2234,  0.0034, -0.0501], device='cuda:0')
Combined score: 71.50499725341797%
Train Epoch Loss: 0.596
Train Cross Entropy Epoch Loss: 0.596
Train Water Consistency Epoch Loss: 0.000
Validation Epoch Loss: 0.791
Validation Cross Entropy Epoch Loss: 0.791
Validation val_edge_consistency_loss: 0.000
Water edge Accuarcy: 0.0
Validation SOD mIoU: 0.5444
Learning Rate: 9.76e-05
Early stopping counter: 3/30
100%|| 16/16 [01:25<00:00,  5.37s/it]
Train SOD mIoU: 0.6035
Train SOD IoU per class: tensor([0.7596, 0.4546, 0.5493, 0.4859, 0.7681], device='cuda:0')
Train SOD Precision per class: tensor([0.8133, 0.7358, 0.6165, 0.7640, 0.8693], device='cuda:0')
Train SOD Recall per class: tensor([0.9200, 0.5432, 0.8345, 0.5718, 0.8684], device='cuda:0')
Train SOD True class proportion: tensor([0.1907, 0.2342, 0.2171, 0.1601, 0.1979], device='cuda:0')
Train SOD Pred class proportion: tensor([0.2157, 0.1729, 0.2939, 0.1198, 0.1976], device='cuda:0')
Train SOD Normalized Confusion Matrix (row=true, col=pred):
tensor([[9.2000e-01, 2.8739e-02, 3.1331e-02, 1.9450e-02, 4.7717e-04],
        [9.0693e-02, 5.4323e-01, 2.1284e-01, 6.4236e-02, 8.9005e-02],
        [2.6707e-02, 8.0824e-02, 8.3455e-01, 3.9176e-02, 1.8748e-02],
        [2.8313e-02, 6.8267e-02, 3.2656e-01, 5.7176e-01, 5.1013e-03],
        [4.3986e-02, 5.9279e-02, 2.3160e-02, 5.1778e-03, 8.6840e-01]],
       device='cuda:0')
Validating...
  4%|▊                                                                                                         | 7/200 [12:37<5:38:50, 105.34s/it]4.99s/it]
Computing Metrics on Val dataset

Epoch 6 score:
SOD f1_metric: 67.6259994506836%
SOD F1 score: tensor([0.8791, 0.4721, 0.5081, 0.5470, 0.7337], device='cuda:0')
SOD OA: 0.6706886291503906
SOD mIoU: tensor(0.4780, device='cuda:0')
SOD IoU per class: tensor([0.7843, 0.3090, 0.3405, 0.3765, 0.5794], device='cuda:0')
SOD Precision per class: tensor([0.8804, 0.3721, 0.5497, 0.6834, 0.8019], device='cuda:0')
SOD Recall per class: tensor([0.8778, 0.6455, 0.4723, 0.4560, 0.6761], device='cuda:0')
SOD True class proportion: tensor([0.3607, 0.1373, 0.2131, 0.1388, 0.1502], device='cuda:0')
SOD Pred class proportion: tensor([0.3596, 0.2381, 0.1831, 0.0926, 0.1266], device='cuda:0')
SOD Normalized Confusion Matrix (row=true, col=pred):
tensor([[8.7784e-01, 9.4621e-03, 8.9025e-02, 1.7375e-02, 6.2943e-03],
        [1.0922e-01, 6.4552e-01, 1.1206e-01, 3.6297e-02, 9.6906e-02],
        [1.1484e-01, 2.9533e-01, 4.7229e-01, 8.4738e-02, 3.2804e-02],
        [2.2768e-02, 2.5300e-01, 2.5009e-01, 4.5604e-01, 1.8100e-02],
        [2.4413e-03, 3.1979e-01, 1.5206e-03, 1.1270e-04, 6.7613e-01]],
       device='cuda:0')
SOD Train-Val IoU gap per class: tensor([-0.0248,  0.1456,  0.2088,  0.1094,  0.1887], device='cuda:0')
Combined score: 67.6259994506836%
Train Epoch Loss: 0.569
Train Cross Entropy Epoch Loss: 0.569
Train Water Consistency Epoch Loss: 0.000
Validation Epoch Loss: 0.731
Validation Cross Entropy Epoch Loss: 0.731
Validation val_edge_consistency_loss: 0.000
Water edge Accuarcy: 0.0
Validation SOD mIoU: 0.4780
Learning Rate: 9.67e-05
Early stopping counter: 4/30
100%|| 16/16 [01:26<00:00,  5.40s/it]
Train SOD mIoU: 0.6114
Train SOD IoU per class: tensor([0.7910, 0.4665, 0.5472, 0.5126, 0.7395], device='cuda:0')
Train SOD Precision per class: tensor([0.8384, 0.7365, 0.6082, 0.8112, 0.8499], device='cuda:0')
Train SOD Recall per class: tensor([0.9333, 0.5600, 0.8453, 0.5820, 0.8505], device='cuda:0')
Train SOD True class proportion: tensor([0.1926, 0.2423, 0.2116, 0.1639, 0.1895], device='cuda:0')
Train SOD Pred class proportion: tensor([0.2144, 0.1843, 0.2941, 0.1176, 0.1897], device='cuda:0')
Train SOD Normalized Confusion Matrix (row=true, col=pred):
tensor([[0.9333, 0.0301, 0.0232, 0.0121, 0.0013],
        [0.0721, 0.5600, 0.2183, 0.0450, 0.1045],
        [0.0228, 0.0805, 0.8453, 0.0406, 0.0109],
        [0.0177, 0.0668, 0.3300, 0.5820, 0.0036],
        [0.0498, 0.0779, 0.0200, 0.0019, 0.8505]], device='cuda:0')
Validating...
  4%|▎                                                                                                        | 8/200 [14:21<5:36:23, 105.12s/it]5.01s/it]
Computing Metrics on Val dataset

Epoch 7 score:
SOD f1_metric: 63.45399856567383%
SOD F1 score: tensor([0.8457, 0.2476, 0.5959, 0.5206, 0.6411], device='cuda:0')
SOD OA: 0.6371726989746094
SOD mIoU: tensor(0.4244, device='cuda:0')
SOD IoU per class: tensor([0.7327, 0.1413, 0.4244, 0.3519, 0.4717], device='cuda:0')
SOD Precision per class: tensor([0.8071, 0.2256, 0.6658, 0.7434, 0.5758], device='cuda:0')
SOD Recall per class: tensor([0.8883, 0.2745, 0.5394, 0.4005, 0.7231], device='cuda:0')
SOD True class proportion: tensor([0.3607, 0.1373, 0.2131, 0.1388, 0.1502], device='cuda:0')
SOD Pred class proportion: tensor([0.3970, 0.1670, 0.1726, 0.0748, 0.1886], device='cuda:0')
SOD Normalized Confusion Matrix (row=true, col=pred):
tensor([[8.8831e-01, 8.3232e-02, 2.6321e-02, 5.5804e-04, 1.5745e-03],
        [1.6940e-01, 2.7448e-01, 1.0940e-01, 2.9631e-02, 4.1709e-01],
        [4.3100e-02, 2.6047e-01, 5.3935e-01, 6.9947e-02, 8.7129e-02],
        [2.6179e-02, 3.0886e-01, 2.3833e-01, 4.0053e-01, 2.6098e-02],
        [2.6981e-01, 6.3068e-03, 6.5325e-04, 1.4444e-04, 7.2309e-01]],
       device='cuda:0')
SOD Train-Val IoU gap per class: tensor([0.0583, 0.3252, 0.1228, 0.1607, 0.2677], device='cuda:0')
Combined score: 63.45399856567383%
Train Epoch Loss: 0.540
Train Cross Entropy Epoch Loss: 0.540
Train Water Consistency Epoch Loss: 0.000
Validation Epoch Loss: 0.770
Validation Cross Entropy Epoch Loss: 0.770
Validation val_edge_consistency_loss: 0.000
Water edge Accuarcy: 0.0
Validation SOD mIoU: 0.4244
Learning Rate: 9.57e-05
Early stopping counter: 5/30
100%|| 16/16 [01:26<00:00,  5.43s/it]
Train SOD mIoU: 0.6172
Train SOD IoU per class: tensor([0.7703, 0.4979, 0.5677, 0.5257, 0.7245], device='cuda:0')
Train SOD Precision per class: tensor([0.8322, 0.7582, 0.6252, 0.8292, 0.8427], device='cuda:0')
Train SOD Recall per class: tensor([0.9120, 0.5919, 0.8605, 0.5895, 0.8378], device='cuda:0')
Train SOD True class proportion: tensor([0.1928, 0.2518, 0.2143, 0.1481, 0.1929], device='cuda:0')
Train SOD Pred class proportion: tensor([0.2113, 0.1966, 0.2950, 0.1053, 0.1918], device='cuda:0')
Train SOD Normalized Confusion Matrix (row=true, col=pred):
tensor([[9.1196e-01, 3.8992e-02, 3.5060e-02, 1.3240e-02, 7.4607e-04],
        [5.9718e-02, 5.9189e-01, 2.1066e-01, 3.8295e-02, 9.9436e-02],
        [1.9520e-02, 7.6239e-02, 8.6052e-01, 2.4249e-02, 1.9471e-02],
        [2.3881e-02, 6.7204e-02, 3.1385e-01, 5.8953e-01, 5.5321e-03],
        [6.5860e-02, 7.1156e-02, 2.2113e-02, 3.0864e-03, 8.3778e-01]],
       device='cuda:0')
Validating...
  4%|▉                                                                                                        | 9/200 [16:06<5:34:15, 105.00s/it]5.03s/it]
Computing Metrics on Val dataset

Epoch 8 score:
SOD f1_metric: 66.63400268554688%
SOD F1 score: tensor([0.9132, 0.4238, 0.5979, 0.5692, 0.4822], device='cuda:0')
SOD OA: 0.6642807126045227
SOD mIoU: tensor(0.4502, device='cuda:0')
SOD IoU per class: tensor([0.8402, 0.2689, 0.4264, 0.3978, 0.3177], device='cuda:0')
SOD Precision per class: tensor([0.8973, 0.3277, 0.6210, 0.6036, 0.9162], device='cuda:0')
SOD Recall per class: tensor([0.9296, 0.5995, 0.5764, 0.5385, 0.3272], device='cuda:0')
SOD True class proportion: tensor([0.3607, 0.1373, 0.2131, 0.1388, 0.1502], device='cuda:0')
SOD Pred class proportion: tensor([0.3736, 0.2511, 0.1978, 0.1239, 0.0536], device='cuda:0')
SOD Normalized Confusion Matrix (row=true, col=pred):
tensor([[9.2960e-01, 3.7341e-02, 3.2303e-02, 7.5154e-04, 8.9111e-06],
        [9.3138e-02, 5.9948e-01, 1.8035e-01, 9.5152e-02, 3.1881e-02],
        [1.0258e-01, 1.5283e-01, 5.7641e-01, 1.6776e-01, 4.0692e-04],
        [1.8509e-02, 1.7158e-01, 2.7120e-01, 5.3851e-01, 2.0222e-04],
        [7.7484e-03, 6.5883e-01, 6.0631e-03, 1.3100e-04, 3.2723e-01]],
       device='cuda:0')
SOD Train-Val IoU gap per class: tensor([-0.0699,  0.2290,  0.1413,  0.1279,  0.4068], device='cuda:0')
Combined score: 66.63400268554688%
Train Epoch Loss: 0.532
Train Cross Entropy Epoch Loss: 0.532
Train Water Consistency Epoch Loss: 0.000
Validation Epoch Loss: 0.635
Validation Cross Entropy Epoch Loss: 0.635
Validation val_edge_consistency_loss: 0.000
Water edge Accuarcy: 0.0
Validation SOD mIoU: 0.4502
Learning Rate: 9.46e-05
Early stopping counter: 6/30
100%|| 16/16 [01:27<00:00,  5.46s/it]
Train SOD mIoU: 0.6362
Train SOD IoU per class: tensor([0.8035, 0.5327, 0.5374, 0.5396, 0.7679], device='cuda:0')
Train SOD Precision per class: tensor([0.8650, 0.7487, 0.5993, 0.8455, 0.8956], device='cuda:0')
Train SOD Recall per class: tensor([0.9187, 0.6487, 0.8387, 0.5986, 0.8434], device='cuda:0')
Train SOD True class proportion: tensor([0.2004, 0.2579, 0.1944, 0.1513, 0.1961], device='cuda:0')
Train SOD Pred class proportion: tensor([0.2128, 0.2235, 0.2720, 0.1071, 0.1847], device='cuda:0')
Train SOD Normalized Confusion Matrix (row=true, col=pred):
tensor([[9.1870e-01, 4.5870e-02, 2.3635e-02, 1.1365e-02, 4.2877e-04],
        [5.4681e-02, 6.4868e-01, 2.0463e-01, 2.8528e-02, 6.3484e-02],
        [1.6238e-02, 1.0339e-01, 8.3866e-01, 3.1874e-02, 9.8385e-03],
        [1.9443e-02, 6.8483e-02, 3.0753e-01, 5.9859e-01, 5.9530e-03],
        [4.3494e-02, 8.4161e-02, 2.5262e-02, 3.6654e-03, 8.4342e-01]],
       device='cuda:0')
Validating...
  5%|▍                                                                                                      | 10/200 [17:52<5:33:42, 105.38s/it]5.07s/it]
Computing Metrics on Val dataset

Epoch 9 score:
SOD f1_metric: 70.29399871826172%
SOD F1 score: tensor([0.8431, 0.5057, 0.5353, 0.7369, 0.7532], device='cuda:0')
SOD OA: 0.6997042894363403
SOD mIoU: tensor(0.5240, device='cuda:0')
SOD IoU per class: tensor([0.7287, 0.3385, 0.3655, 0.5833, 0.6041], device='cuda:0')
SOD Precision per class: tensor([0.8143, 0.3942, 0.7032, 0.7463, 0.9359], device='cuda:0')
SOD Recall per class: tensor([0.8739, 0.7052, 0.4322, 0.7277, 0.6301], device='cuda:0')
SOD True class proportion: tensor([0.3607, 0.1373, 0.2131, 0.1388, 0.1502], device='cuda:0')
SOD Pred class proportion: tensor([0.3870, 0.2456, 0.1310, 0.1353, 0.1011], device='cuda:0')
SOD Normalized Confusion Matrix (row=true, col=pred):
tensor([[8.7388e-01, 1.1326e-01, 1.0817e-02, 2.0284e-04, 1.8381e-03],
        [1.0771e-01, 7.0524e-01, 1.1313e-01, 3.6532e-02, 3.7387e-02],
        [6.6078e-02, 3.6242e-01, 4.3216e-01, 1.3722e-01, 2.1151e-03],
        [1.1011e-02, 1.2203e-01, 1.3761e-01, 7.2766e-01, 1.6865e-03],
        [2.7616e-01, 9.1409e-02, 2.2342e-03, 6.6897e-05, 6.3013e-01]],
       device='cuda:0')
SOD Train-Val IoU gap per class: tensor([ 0.0748,  0.1942,  0.1719, -0.0438,  0.1639], device='cuda:0')
Combined score: 70.29399871826172%
Train Epoch Loss: 0.497
Train Cross Entropy Epoch Loss: 0.497
Train Water Consistency Epoch Loss: 0.000
Validation Epoch Loss: 0.696
Validation Cross Entropy Epoch Loss: 0.696
Validation val_edge_consistency_loss: 0.000
Water edge Accuarcy: 0.0
Validation SOD mIoU: 0.5240
Learning Rate: 9.34e-05
Early stopping counter: 7/30
100%|| 16/16 [01:26<00:00,  5.43s/it]
Train SOD mIoU: 0.6359
Train SOD IoU per class: tensor([0.8004, 0.5272, 0.5455, 0.5223, 0.7843], device='cuda:0')
Train SOD Precision per class: tensor([0.8709, 0.7114, 0.6187, 0.8433, 0.9117], device='cuda:0')
Train SOD Recall per class: tensor([0.9081, 0.6707, 0.8217, 0.5784, 0.8488], device='cuda:0')
Train SOD True class proportion: tensor([0.2003, 0.2362, 0.2063, 0.1553, 0.2020], device='cuda:0')
Train SOD Pred class proportion: tensor([0.2088, 0.2227, 0.2739, 0.1065, 0.1881], device='cuda:0')
Train SOD Normalized Confusion Matrix (row=true, col=pred):
tensor([[9.0807e-01, 5.0989e-02, 2.9418e-02, 1.0882e-02, 6.4310e-04],
        [5.0535e-02, 6.7069e-01, 1.9588e-01, 2.5901e-02, 5.6992e-02],
        [1.5214e-02, 1.1523e-01, 8.2173e-01, 3.5941e-02, 1.1877e-02],
        [1.5470e-02, 9.2522e-02, 3.0993e-01, 5.7841e-01, 3.6721e-03],
        [4.6885e-02, 7.8894e-02, 2.0595e-02, 4.8138e-03, 8.4881e-01]],
       device='cuda:0')
Validating...
  6%|▉                                                                                                      | 11/200 [19:38<5:32:16, 105.49s/it]5.05s/it]
Computing Metrics on Val dataset

Epoch 10 score:
SOD f1_metric: 58.08700180053711%
SOD F1 score: tensor([0.9269, 0.3820, 0.1007, 0.2911, 0.8808], device='cuda:0')
SOD OA: 0.607663631439209
SOD mIoU: tensor(0.4221, device='cuda:0')
SOD IoU per class: tensor([0.8638, 0.2361, 0.0530, 0.1703, 0.7870], device='cuda:0')
SOD Precision per class: tensor([0.9285, 0.2488, 0.5698, 0.7181, 0.9431], device='cuda:0')
SOD Recall per class: tensor([0.9253, 0.8213, 0.0552, 0.1826, 0.8263], device='cuda:0')
SOD True class proportion: tensor([0.3607, 0.1373, 0.2131, 0.1388, 0.1502], device='cuda:0')
SOD Pred class proportion: tensor([0.3594, 0.4530, 0.0207, 0.0353, 0.1316], device='cuda:0')
SOD Normalized Confusion Matrix (row=true, col=pred):
tensor([[9.2532e-01, 7.1130e-02, 2.8612e-03, 6.3867e-04, 4.6406e-05],
        [1.0784e-01, 8.2133e-01, 1.8321e-03, 1.6361e-02, 5.2636e-02],
        [2.8688e-02, 8.8032e-01, 5.5244e-02, 3.4993e-02, 7.5031e-04],
        [2.2397e-02, 7.3977e-01, 5.4635e-02, 1.8256e-01, 6.4291e-04],
        [1.1135e-02, 1.6230e-01, 1.4300e-04, 1.1673e-04, 8.2630e-01]],
       device='cuda:0')
SOD Train-Val IoU gap per class: tensor([-0.0634,  0.2912,  0.4925,  0.3519, -0.0027], device='cuda:0')
Combined score: 58.08700180053711%
Train Epoch Loss: 0.479
Train Cross Entropy Epoch Loss: 0.479
Train Water Consistency Epoch Loss: 0.000
Validation Epoch Loss: 0.850
Validation Cross Entropy Epoch Loss: 0.850
Validation val_edge_consistency_loss: 0.000
Water edge Accuarcy: 0.0
Validation SOD mIoU: 0.4221
Learning Rate: 9.20e-05
Early stopping counter: 8/30
100%|| 16/16 [01:26<00:00,  5.39s/it]
Train SOD mIoU: 0.6329
Train SOD IoU per class: tensor([0.7752, 0.5291, 0.5525, 0.5367, 0.7712], device='cuda:0')
Train SOD Precision per class: tensor([0.8471, 0.7234, 0.6189, 0.8633, 0.9028], device='cuda:0')
Train SOD Recall per class: tensor([0.9013, 0.6633, 0.8373, 0.5865, 0.8411], device='cuda:0')
Train SOD True class proportion: tensor([0.1826, 0.2484, 0.2085, 0.1586, 0.2019], device='cuda:0')
Train SOD Pred class proportion: tensor([0.1942, 0.2278, 0.2821, 0.1078, 0.1881], device='cuda:0')
Train SOD Normalized Confusion Matrix (row=true, col=pred):
tensor([[9.0133e-01, 5.8134e-02, 2.7669e-02, 1.2279e-02, 5.8909e-04],
        [5.6393e-02, 6.6333e-01, 1.9644e-01, 2.2769e-02, 6.1072e-02],
        [1.3215e-02, 1.0828e-01, 8.3733e-01, 2.8513e-02, 1.2654e-02],
        [1.3526e-02, 9.1314e-02, 3.0631e-01, 5.8652e-01, 2.3329e-03],
        [5.3430e-02, 7.5934e-02, 2.5113e-02, 4.4315e-03, 8.4109e-01]],
       device='cuda:0')
Validating...
  6%|▍                                                                                                     | 12/200 [21:22<5:29:06, 105.04s/it]5.01s/it]
Computing Metrics on Val dataset

Epoch 11 score:
SOD f1_metric: 65.91400146484375%
SOD F1 score: tensor([0.9013, 0.4492, 0.4677, 0.6430, 0.5560], device='cuda:0')
SOD OA: 0.6505365967750549
SOD mIoU: tensor(0.4548, device='cuda:0')
SOD IoU per class: tensor([0.8203, 0.2896, 0.3053, 0.4739, 0.3850], device='cuda:0')
SOD Precision per class: tensor([0.9163, 0.3183, 0.6250, 0.6503, 0.9883], device='cuda:0')
SOD Recall per class: tensor([0.8867, 0.7630, 0.3737, 0.6359, 0.3868], device='cuda:0')
SOD True class proportion: tensor([0.3607, 0.1373, 0.2131, 0.1388, 0.1502], device='cuda:0')
SOD Pred class proportion: tensor([0.3490, 0.3290, 0.1274, 0.1357, 0.0588], device='cuda:0')
SOD Normalized Confusion Matrix (row=true, col=pred):
tensor([[8.8675e-01, 8.2354e-02, 2.8479e-02, 8.7294e-04, 1.5460e-03],
        [9.6502e-02, 7.6296e-01, 8.2113e-02, 5.7634e-02, 7.9279e-04],
        [6.5715e-02, 3.7638e-01, 3.7373e-01, 1.8413e-01, 4.4809e-05],
        [1.2421e-02, 1.6331e-01, 1.8826e-01, 6.3591e-01, 9.3618e-05],
        [1.5143e-03, 6.1091e-01, 7.7081e-04, 3.3604e-05, 3.8677e-01]],
       device='cuda:0')
SOD Train-Val IoU gap per class: tensor([-0.0451,  0.2395,  0.2472,  0.0628,  0.3862], device='cuda:0')
Combined score: 65.91400146484375%
Train Epoch Loss: 0.478
Train Cross Entropy Epoch Loss: 0.478
Train Water Consistency Epoch Loss: 0.000
Validation Epoch Loss: 0.710
Validation Cross Entropy Epoch Loss: 0.710
Validation val_edge_consistency_loss: 0.000
Water edge Accuarcy: 0.0
Validation SOD mIoU: 0.4548
Learning Rate: 9.05e-05
Early stopping counter: 9/30
100%|| 16/16 [01:26<00:00,  5.43s/it]
Train SOD mIoU: 0.6456
Train SOD IoU per class: tensor([0.8012, 0.5290, 0.5672, 0.5630, 0.7678], device='cuda:0')
Train SOD Precision per class: tensor([0.8655, 0.7339, 0.6350, 0.8539, 0.8930], device='cuda:0')
Train SOD Recall per class: tensor([0.9151, 0.6546, 0.8415, 0.6230, 0.8456], device='cuda:0')
Train SOD True class proportion: tensor([0.1889, 0.2466, 0.2134, 0.1606, 0.1905], device='cuda:0')
Train SOD Pred class proportion: tensor([0.1997, 0.2200, 0.2828, 0.1171, 0.1803], device='cuda:0')
Train SOD Normalized Confusion Matrix (row=true, col=pred):
tensor([[9.1511e-01, 4.8089e-02, 2.3177e-02, 1.3172e-02, 4.5677e-04],
        [4.9735e-02, 6.5457e-01, 2.0290e-01, 2.6526e-02, 6.6271e-02],
        [1.3189e-02, 1.0269e-01, 8.4151e-01, 3.3137e-02, 9.4698e-03],
        [2.3779e-02, 6.9757e-02, 2.7827e-01, 6.2297e-01, 5.2278e-03],
        [4.1799e-02, 8.5722e-02, 2.1632e-02, 5.2745e-03, 8.4557e-01]],
       device='cuda:0')
Validating...
  6%|                                                                                                     | 13/200 [23:08<5:28:36, 105.43s/it]5.08s/it]
Computing Metrics on Val dataset

Epoch 12 score:
SOD f1_metric: 72.39299774169922%
SOD F1 score: tensor([0.8792, 0.4923, 0.6067, 0.6172, 0.8276], device='cuda:0')
SOD OA: 0.7157954573631287
SOD mIoU: tensor(0.5398, device='cuda:0')
SOD IoU per class: tensor([0.7845, 0.3265, 0.4355, 0.4463, 0.7060], device='cuda:0')
SOD Precision per class: tensor([0.9209, 0.4276, 0.5981, 0.6546, 0.8540], device='cuda:0')
SOD Recall per class: tensor([0.8411, 0.5802, 0.6156, 0.5839, 0.8029], device='cuda:0')
SOD True class proportion: tensor([0.3607, 0.1373, 0.2131, 0.1388, 0.1502], device='cuda:0')
SOD Pred class proportion: tensor([0.3294, 0.1862, 0.2193, 0.1238, 0.1412], device='cuda:0')
SOD Normalized Confusion Matrix (row=true, col=pred):
tensor([[8.4112e-01, 9.1965e-02, 6.1805e-02, 4.4056e-04, 4.6699e-03],
        [9.9002e-02, 5.8017e-01, 1.7853e-01, 2.7840e-02, 1.1445e-01],
        [3.6784e-02, 1.5595e-01, 6.1561e-01, 1.8188e-01, 9.7811e-03],
        [2.9343e-02, 8.1658e-02, 2.9691e-01, 5.8387e-01, 8.2167e-03],
        [3.6605e-03, 1.9231e-01, 8.9975e-04, 2.4060e-04, 8.0289e-01]],
       device='cuda:0')
SOD Train-Val IoU gap per class: tensor([0.0167, 0.2025, 0.1317, 0.1166, 0.0619], device='cuda:0')
Combined score: 72.39299774169922%
Train Epoch Loss: 0.466
Train Cross Entropy Epoch Loss: 0.466
Train Water Consistency Epoch Loss: 0.000
Validation Epoch Loss: 0.569
Validation Cross Entropy Epoch Loss: 0.569
Validation val_edge_consistency_loss: 0.000
Water edge Accuarcy: 0.0
Validation SOD mIoU: 0.5398
Learning Rate: 8.90e-05
Early stopping counter: 10/30
100%|| 16/16 [01:26<00:00,  5.42s/it]
Train SOD mIoU: 0.6438
Train SOD IoU per class: tensor([0.7892, 0.5163, 0.5707, 0.5741, 0.7686], device='cuda:0')
Train SOD Precision per class: tensor([0.8535, 0.7267, 0.6375, 0.8546, 0.9030], device='cuda:0')
Train SOD Recall per class: tensor([0.9129, 0.6407, 0.8449, 0.6362, 0.8378], device='cuda:0')
Train SOD True class proportion: tensor([0.1851, 0.2383, 0.2127, 0.1505, 0.2134], device='cuda:0')
Train SOD Pred class proportion: tensor([0.1980, 0.2101, 0.2819, 0.1121, 0.1980], device='cuda:0')
Train SOD Normalized Confusion Matrix (row=true, col=pred):
tensor([[9.1288e-01, 4.7057e-02, 2.2733e-02, 1.6753e-02, 5.8093e-04],
        [5.3200e-02, 6.4068e-01, 2.1128e-01, 2.3112e-02, 7.1726e-02],
        [1.2071e-02, 1.0465e-01, 8.4491e-01, 3.0480e-02, 7.8905e-03],
        [1.8087e-02, 6.2874e-02, 2.8058e-01, 6.3622e-01, 2.2341e-03],
        [5.1745e-02, 7.9568e-02, 2.5225e-02, 5.6334e-03, 8.3783e-01]],
       device='cuda:0')
Validating...
100%|| 16/16 [01:26<00:00,  5.05s/it]
Computing Metrics on Val dataset

Epoch 13 score:
SOD f1_metric: 76.79399871826172%
SOD F1 score: tensor([0.9226, 0.5737, 0.5996, 0.7224, 0.8551], device='cuda:0')
SOD OA: 0.774694561958313
SOD mIoU: tensor(0.5998, device='cuda:0')
SOD IoU per class: tensor([0.8562, 0.4022, 0.4282, 0.5655, 0.7469], device='cuda:0')
SOD Precision per class: tensor([0.8733, 0.5694, 0.7718, 0.6067, 0.9751], device='cuda:0')
SOD Recall per class: tensor([0.9777, 0.5780, 0.4902, 0.8928, 0.7614], device='cuda:0')
SOD True class proportion: tensor([0.3607, 0.1373, 0.2131, 0.1388, 0.1502], device='cuda:0')
SOD Pred class proportion: tensor([0.4038, 0.1393, 0.1354, 0.2043, 0.1172], device='cuda:0')
SOD Normalized Confusion Matrix (row=true, col=pred):
tensor([[9.7769e-01, 4.9250e-03, 1.6465e-02, 8.8999e-04, 2.9144e-05],
        [1.5852e-01, 5.7801e-01, 1.3281e-01, 1.1008e-01, 2.0577e-02],
        [1.0866e-01, 9.6603e-02, 4.9024e-01, 3.0420e-01, 2.9843e-04],
        [2.9694e-02, 3.4720e-02, 4.2641e-02, 8.9283e-01, 1.1957e-04],
        [1.4124e-02, 2.1853e-01, 5.3171e-03, 6.3475e-04, 7.6139e-01]],
       device='cuda:0')
SOD Train-Val IoU gap per class: tensor([-0.0670,  0.1141,  0.1425,  0.0086,  0.0217], device='cuda:0')
Combined score: 76.79399871826172%
Train Epoch Loss: 0.460
Train Cross Entropy Epoch Loss: 0.460
Train Water Consistency Epoch Loss: 0.000
Validation Epoch Loss: 0.610
Validation Cross Entropy Epoch Loss: 0.610
Validation val_edge_consistency_loss: 0.000
Water edge Accuarcy: 0.0
Validation SOD mIoU: 0.5998
Learning Rate: 8.73e-05
saving model....
model saved successfully at ./work_dirs/My_DS50/best_model_My_DS50.pth
100%|| 16/16 [01:26<00:00,  5.42s/it]
Train SOD mIoU: 0.6654
Train SOD IoU per class: tensor([0.8096, 0.5328, 0.5802, 0.6334, 0.7711], device='cuda:0')
Train SOD Precision per class: tensor([0.8647, 0.7584, 0.6410, 0.8881, 0.8938], device='cuda:0')
Train SOD Recall per class: tensor([0.9270, 0.6417, 0.8594, 0.6883, 0.8489], device='cuda:0')
Train SOD True class proportion: tensor([0.1989, 0.2364, 0.2037, 0.1673, 0.1937], device='cuda:0')
Train SOD Pred class proportion: tensor([0.2132, 0.2001, 0.2731, 0.1297, 0.1840], device='cuda:0')
Train SOD Normalized Confusion Matrix (row=true, col=pred):
tensor([[9.2698e-01, 4.3695e-02, 1.7861e-02, 1.0679e-02, 7.8206e-04],
        [5.5361e-02, 6.4172e-01, 2.1121e-01, 2.0905e-02, 7.0797e-02],
        [1.1108e-02, 8.6869e-02, 8.5942e-01, 3.1461e-02, 1.1140e-02],
        [1.5237e-02, 4.9020e-02, 2.4510e-01, 6.8833e-01, 2.3208e-03],
        [5.6443e-02, 7.1012e-02, 1.8288e-02, 5.3478e-03, 8.4891e-01]],
       device='cuda:0')
Validating...
  8%|                                                                                                    | 15/200 [26:39<5:24:37, 105.29s/it]5.05s/it]
Computing Metrics on Val dataset

Epoch 14 score:
SOD f1_metric: 71.177001953125%
SOD F1 score: tensor([0.8465, 0.4231, 0.5672, 0.7358, 0.8350], device='cuda:0')
SOD OA: 0.7123501300811768
SOD mIoU: tensor(0.5394, device='cuda:0')
SOD IoU per class: tensor([0.7338, 0.2683, 0.3959, 0.5821, 0.7167], device='cuda:0')
SOD Precision per class: tensor([0.9144, 0.4058, 0.6161, 0.6973, 0.7265], device='cuda:0')
SOD Recall per class: tensor([0.7880, 0.4419, 0.5255, 0.7789, 0.9816], device='cuda:0')
SOD True class proportion: tensor([0.3607, 0.1373, 0.2131, 0.1388, 0.1502], device='cuda:0')
SOD Pred class proportion: tensor([0.3108, 0.1495, 0.1817, 0.1551, 0.2029], device='cuda:0')
SOD Normalized Confusion Matrix (row=true, col=pred):
tensor([[7.8796e-01, 8.3600e-02, 1.1040e-01, 1.9913e-03, 1.6052e-02],
        [9.1723e-02, 4.4193e-01, 1.1235e-01, 4.8789e-02, 3.0520e-01],
        [5.0587e-02, 2.1293e-01, 5.2546e-01, 1.8536e-01, 2.5657e-02],
