model saved successfully at ./work_dirs/My_DS49/best_model_My_DS49.pth
100%|| 16/16 [00:47<00:00,  2.96s/it]
Train SOD mIoU: 0.7792
Train SOD IoU per class: tensor([0.8813, 0.6485, 0.7054, 0.8088, 0.8519], device='cuda:0')
Train SOD Precision per class: tensor([0.9239, 0.8171, 0.8038, 0.9200, 0.9042], device='cuda:0')
Train SOD Recall per class: tensor([0.9502, 0.7586, 0.8522, 0.8700, 0.9364], device='cuda:0')
Train SOD True class proportion: tensor([0.2216, 0.2238, 0.1959, 0.1650, 0.1937], device='cuda:0')
Train SOD Pred class proportion: tensor([0.2279, 0.2078, 0.2077, 0.1560, 0.2005], device='cuda:0')
Train SOD Normalized Confusion Matrix (row=true, col=pred):
tensor([[0.9502, 0.0333, 0.0094, 0.0061, 0.0010],
        [0.0586, 0.7586, 0.0970, 0.0161, 0.0697],
        [0.0085, 0.0871, 0.8522, 0.0369, 0.0152],
        [0.0065, 0.0245, 0.0966, 0.8700, 0.0025],
        [0.0076, 0.0492, 0.0053, 0.0015, 0.9364]], device='cuda:0')
Validating...
 18%|▏                                                                                                                                         | 36/200 [44:00<3:24:16, 74.73s/it]2.42s/it]
Computing Metrics on Val dataset

Epoch 35 score:
SOD f1_metric: 59.917999267578125%
SOD F1 score: tensor([0.9343, 0.4466, 0.4176, 0.7755, 0.0284], device='cuda:0')
SOD OA: 0.6450518369674683
SOD mIoU: tensor(0.4152, device='cuda:0')
SOD IoU per class: tensor([0.8768, 0.2875, 0.2639, 0.6333, 0.0144], device='cuda:0')
SOD Precision per class: tensor([0.9025, 0.3077, 0.8493, 0.6902, 0.9588], device='cuda:0')
SOD Recall per class: tensor([0.9685, 0.8143, 0.2768, 0.8849, 0.0144], device='cuda:0')
SOD True class proportion: tensor([0.3607, 0.1373, 0.2131, 0.1388, 0.1502], device='cuda:0')
SOD Pred class proportion: tensor([0.3870, 0.3633, 0.0695, 0.1780, 0.0023], device='cuda:0')
SOD Normalized Confusion Matrix (row=true, col=pred):
tensor([[9.6847e-01, 2.9546e-02, 1.7079e-03, 4.3885e-05, 2.3617e-04],
        [8.2202e-02, 8.1428e-01, 6.3408e-02, 4.0102e-02, 7.5407e-06],
        [1.0873e-01, 3.8157e-01, 2.7683e-01, 2.3284e-01, 3.0966e-05],
        [2.0668e-02, 8.6735e-02, 7.7248e-03, 8.8487e-01, 9.3208e-07],
        [2.6478e-03, 9.8247e-01, 4.8021e-04, 0.0000e+00, 1.4398e-02]],
       device='cuda:0')
SOD Train-Val IoU gap per class: tensor([0.0045, 0.3610, 0.4416, 0.1755, 0.8375], device='cuda:0')
Combined score: 59.917999267578125%
Train Epoch Loss: 0.226
Train Cross Entropy Epoch Loss: 0.226
Train Water Consistency Epoch Loss: 0.000
Validation Epoch Loss: 0.570
Validation Cross Entropy Epoch Loss: 0.570
Validation val_edge_consistency_loss: 0.000
Water edge Accuarcy: 0.0
Validation SOD mIoU: 0.4152
Learning Rate: 9.23e-05
Early stopping counter: 1/30
100%|| 16/16 [00:48<00:00,  3.04s/it]
Train SOD mIoU: 0.7579
Train SOD IoU per class: tensor([0.8637, 0.6365, 0.6750, 0.7650, 0.8496], device='cuda:0')
Train SOD Precision per class: tensor([0.8905, 0.8196, 0.8114, 0.8643, 0.9049], device='cuda:0')
Train SOD Recall per class: tensor([0.9663, 0.7403, 0.8006, 0.8693, 0.9328], device='cuda:0')
Train SOD True class proportion: tensor([0.2139, 0.2334, 0.1963, 0.1590, 0.1974], device='cuda:0')
Train SOD Pred class proportion: tensor([0.2321, 0.2108, 0.1937, 0.1599, 0.2034], device='cuda:0')
Train SOD Normalized Confusion Matrix (row=true, col=pred):
tensor([[9.6630e-01, 2.2465e-02, 6.2194e-03, 4.1591e-03, 8.5271e-04],
        [8.0577e-02, 7.4025e-01, 8.5043e-02, 2.3748e-02, 7.0382e-02],
        [1.2300e-02, 1.0242e-01, 8.0058e-01, 7.3504e-02, 1.1191e-02],
        [9.7801e-03, 2.6788e-02, 9.0757e-02, 8.6934e-01, 3.3336e-03],
        [1.3410e-02, 4.4902e-02, 4.6687e-03, 4.2030e-03, 9.3282e-01]],
       device='cuda:0')
Validating...
 18%|                                                                                                                                         | 37/200 [45:03<3:13:27, 71.21s/it]2.49s/it]
Computing Metrics on Val dataset

Epoch 36 score:
SOD f1_metric: 72.76399993896484%
SOD F1 score: tensor([0.9297, 0.3378, 0.5907, 0.7188, 0.8012], device='cuda:0')
SOD OA: 0.7480875849723816
SOD mIoU: tensor(0.5441, device='cuda:0')
SOD IoU per class: tensor([0.8687, 0.2032, 0.4191, 0.5610, 0.6683], device='cuda:0')
SOD Precision per class: tensor([0.9098, 0.4577, 0.7593, 0.6277, 0.6724], device='cuda:0')
SOD Recall per class: tensor([0.9505, 0.2677, 0.4834, 0.8408, 0.9910], device='cuda:0')
SOD True class proportion: tensor([0.3607, 0.1373, 0.2131, 0.1388, 0.1502], device='cuda:0')
SOD Pred class proportion: tensor([0.3768, 0.0803, 0.1357, 0.1859, 0.2213], device='cuda:0')
SOD Normalized Confusion Matrix (row=true, col=pred):
tensor([[9.5051e-01, 2.7575e-02, 9.1628e-03, 8.4829e-04, 1.1907e-02],
        [9.7594e-02, 2.6768e-01, 1.1972e-01, 7.5612e-02, 4.3939e-01],
        [8.0714e-02, 1.3326e-01, 4.8338e-01, 2.7470e-01, 2.7940e-02],
        [2.1819e-02, 3.0948e-02, 9.2366e-02, 8.4076e-01, 1.4108e-02],
        [2.3841e-03, 5.9197e-03, 6.4622e-04, 3.2742e-05, 9.9102e-01]],
       device='cuda:0')
SOD Train-Val IoU gap per class: tensor([-0.0050,  0.4333,  0.2558,  0.2040,  0.1813], device='cuda:0')
Combined score: 72.76399993896484%
Train Epoch Loss: 0.247
Train Cross Entropy Epoch Loss: 0.247
Train Water Consistency Epoch Loss: 0.000
Validation Epoch Loss: 0.450
Validation Cross Entropy Epoch Loss: 0.450
Validation val_edge_consistency_loss: 0.000
Water edge Accuarcy: 0.0
Validation SOD mIoU: 0.5441
Learning Rate: 9.19e-05
Early stopping counter: 2/30
100%|| 16/16 [00:48<00:00,  3.04s/it]
Train SOD mIoU: 0.7772
Train SOD IoU per class: tensor([0.8502, 0.6234, 0.7267, 0.8123, 0.8734], device='cuda:0')
Train SOD Precision per class: tensor([0.8804, 0.8463, 0.8126, 0.9044, 0.9212], device='cuda:0')
Train SOD Recall per class: tensor([0.9612, 0.7030, 0.8730, 0.8886, 0.9440], device='cuda:0')
Train SOD True class proportion: tensor([0.2175, 0.2191, 0.2049, 0.1644, 0.1941], device='cuda:0')
Train SOD Pred class proportion: tensor([0.2374, 0.1820, 0.2201, 0.1615, 0.1989], device='cuda:0')
Train SOD Normalized Confusion Matrix (row=true, col=pred):
tensor([[9.6117e-01, 2.5333e-02, 6.9004e-03, 5.6887e-03, 9.0478e-04],
        [9.8079e-02, 7.0298e-01, 1.1739e-01, 2.5018e-02, 5.6529e-02],
        [1.0183e-02, 6.2426e-02, 8.7300e-01, 4.1475e-02, 1.2919e-02],
        [1.2687e-02, 1.6241e-02, 7.9716e-02, 8.8860e-01, 2.7563e-03],
        [1.4050e-02, 3.6007e-02, 4.7412e-03, 1.2051e-03, 9.4400e-01]],
       device='cuda:0')
Validating...
 19%|▉                                                                                                                                        | 38/200 [46:15<3:12:13, 71.19s/it]2.49s/it]
Computing Metrics on Val dataset

Epoch 37 score:
SOD f1_metric: 75.67900085449219%
SOD F1 score: tensor([0.9246, 0.5483, 0.5638, 0.6425, 0.9240], device='cuda:0')
SOD OA: 0.761630117893219
SOD mIoU: tensor(0.5924, device='cuda:0')
SOD IoU per class: tensor([0.8597, 0.3777, 0.3925, 0.4733, 0.8587], device='cuda:0')
SOD Precision per class: tensor([0.8913, 0.4923, 0.7672, 0.5809, 0.9462], device='cuda:0')
SOD Recall per class: tensor([0.9604, 0.6187, 0.4456, 0.7188, 0.9028], device='cuda:0')
SOD True class proportion: tensor([0.3607, 0.1373, 0.2131, 0.1388, 0.1502], device='cuda:0')
SOD Pred class proportion: tensor([0.3887, 0.1725, 0.1238, 0.1718, 0.1433], device='cuda:0')
SOD Normalized Confusion Matrix (row=true, col=pred):
tensor([[9.6044e-01, 1.4568e-02, 1.8161e-02, 1.2604e-03, 5.5657e-03],
        [1.5651e-01, 6.1874e-01, 9.8002e-02, 9.1902e-02, 3.4844e-02],
        [7.2874e-02, 2.0263e-01, 4.4559e-01, 2.7651e-01, 2.3992e-03],
        [2.8366e-02, 1.8702e-01, 6.2812e-02, 7.1885e-01, 2.9575e-03],
        [8.7320e-03, 8.7877e-02, 5.9510e-04, 3.7912e-05, 9.0276e-01]],
       device='cuda:0')
SOD Train-Val IoU gap per class: tensor([-0.0095,  0.2457,  0.3342,  0.3389,  0.0148], device='cuda:0')
Combined score: 75.67900085449219%
Train Epoch Loss: 0.232
Train Cross Entropy Epoch Loss: 0.232
Train Water Consistency Epoch Loss: 0.000
Validation Epoch Loss: 0.402
Validation Cross Entropy Epoch Loss: 0.402
Validation val_edge_consistency_loss: 0.000
Water edge Accuarcy: 0.0
Validation SOD mIoU: 0.5924
Learning Rate: 9.14e-05
Early stopping counter: 3/30
100%|| 16/16 [00:48<00:00,  3.00s/it]
Train SOD mIoU: 0.7769
Train SOD IoU per class: tensor([0.8656, 0.6672, 0.6978, 0.7733, 0.8804], device='cuda:0')
Train SOD Precision per class: tensor([0.8948, 0.8620, 0.8031, 0.8713, 0.9269], device='cuda:0')
Train SOD Recall per class: tensor([0.9638, 0.7469, 0.8418, 0.8730, 0.9460], device='cuda:0')
Train SOD True class proportion: tensor([0.2238, 0.2322, 0.1953, 0.1546, 0.1941], device='cuda:0')
Train SOD Pred class proportion: tensor([0.2411, 0.2012, 0.2047, 0.1549, 0.1981], device='cuda:0')
Train SOD Normalized Confusion Matrix (row=true, col=pred):
tensor([[9.6377e-01, 2.1247e-02, 6.6472e-03, 7.6844e-03, 6.4625e-04],
        [8.8698e-02, 7.4694e-01, 9.7070e-02, 1.8942e-02, 4.8354e-02],
        [6.9945e-03, 6.8105e-02, 8.4182e-01, 6.8723e-02, 1.4356e-02],
        [8.9758e-03, 2.0890e-02, 9.5166e-02, 8.7305e-01, 1.9203e-03],
        [1.0424e-02, 3.3372e-02, 8.0969e-03, 2.0606e-03, 9.4605e-01]],
       device='cuda:0')
Validating...
 20%|▊                                                                                                                                       | 39/200 [47:22<3:08:11, 70.13s/it]2.53s/it]
Computing Metrics on Val dataset

Epoch 38 score:
SOD f1_metric: 71.4020004272461%
SOD F1 score: tensor([0.8580, 0.4958, 0.5218, 0.6753, 0.8763], device='cuda:0')
SOD OA: 0.7107250094413757
SOD mIoU: tensor(0.5447, device='cuda:0')
SOD IoU per class: tensor([0.7512, 0.3296, 0.3530, 0.5098, 0.7799], device='cuda:0')
SOD Precision per class: tensor([0.9870, 0.4053, 0.8309, 0.5383, 0.8133], device='cuda:0')
SOD Recall per class: tensor([0.7588, 0.6384, 0.3803, 0.9059, 0.9500], device='cuda:0')
SOD True class proportion: tensor([0.3607, 0.1373, 0.2131, 0.1388, 0.1502], device='cuda:0')
SOD Pred class proportion: tensor([0.2773, 0.2162, 0.0975, 0.2336, 0.1754], device='cuda:0')
SOD Normalized Confusion Matrix (row=true, col=pred):
tensor([[7.5877e-01, 2.1772e-01, 8.6358e-03, 2.1843e-03, 1.2687e-02],
        [1.9209e-02, 6.3835e-01, 6.0843e-02, 1.1122e-01, 1.7038e-01],
        [2.6162e-03, 1.7149e-01, 3.8029e-01, 4.3042e-01, 1.5188e-02],
        [2.2749e-03, 4.4422e-02, 3.6222e-02, 9.0590e-01, 1.1183e-02],
        [6.7896e-04, 4.8856e-02, 1.2063e-05, 4.8079e-04, 9.4997e-01]],
       device='cuda:0')
SOD Train-Val IoU gap per class: tensor([0.1144, 0.3376, 0.3448, 0.2635, 0.1005], device='cuda:0')
Combined score: 71.4020004272461%
Train Epoch Loss: 0.229
Train Cross Entropy Epoch Loss: 0.229
Train Water Consistency Epoch Loss: 0.000
Validation Epoch Loss: 0.437
Validation Cross Entropy Epoch Loss: 0.437
Validation val_edge_consistency_loss: 0.000
Water edge Accuarcy: 0.0
Validation SOD mIoU: 0.5447
Learning Rate: 9.10e-05
Early stopping counter: 4/30
100%|| 16/16 [00:48<00:00,  3.01s/it]
Train SOD mIoU: 0.7987
Train SOD IoU per class: tensor([0.8831, 0.6782, 0.7277, 0.8244, 0.8799], device='cuda:0')
Train SOD Precision per class: tensor([0.9096, 0.8684, 0.7964, 0.9384, 0.9270], device='cuda:0')
Train SOD Recall per class: tensor([0.9681, 0.7559, 0.8940, 0.8716, 0.9454], device='cuda:0')
Train SOD True class proportion: tensor([0.2186, 0.2319, 0.1982, 0.1678, 0.1835], device='cuda:0')
Train SOD Pred class proportion: tensor([0.2326, 0.2019, 0.2225, 0.1559, 0.1871], device='cuda:0')
Train SOD Normalized Confusion Matrix (row=true, col=pred):
tensor([[9.6808e-01, 2.2126e-02, 6.2321e-03, 2.8672e-03, 6.9218e-04],
        [6.8937e-02, 7.5587e-01, 1.1265e-01, 1.6477e-02, 4.6071e-02],
        [9.4316e-03, 5.9726e-02, 8.9401e-01, 2.4740e-02, 1.2095e-02],
        [8.2333e-03, 1.8143e-02, 9.9444e-02, 8.7165e-01, 2.5328e-03],
        [9.7207e-03, 3.7260e-02, 6.1923e-03, 1.3980e-03, 9.4543e-01]],
       device='cuda:0')
Validating...
 20%|▌                                                                                                                                      | 40/200 [48:30<3:04:45, 69.29s/it]2.44s/it]
Computing Metrics on Val dataset

Epoch 39 score:
SOD f1_metric: 71.54499816894531%
SOD F1 score: tensor([0.9410, 0.4780, 0.4648, 0.6350, 0.8208], device='cuda:0')
SOD OA: 0.7288317680358887
SOD mIoU: tensor(0.5333, device='cuda:0')
SOD IoU per class: tensor([0.8886, 0.3140, 0.3027, 0.4652, 0.6961], device='cuda:0')
SOD Precision per class: tensor([0.9492, 0.5152, 0.7452, 0.4951, 0.7491], device='cuda:0')
SOD Recall per class: tensor([0.9330, 0.4457, 0.3377, 0.8852, 0.9078], device='cuda:0')
SOD True class proportion: tensor([0.3607, 0.1373, 0.2131, 0.1388, 0.1502], device='cuda:0')
SOD Pred class proportion: tensor([0.3545, 0.1188, 0.0966, 0.2482, 0.1820], device='cuda:0')
SOD Normalized Confusion Matrix (row=true, col=pred):
tensor([[9.3298e-01, 3.7760e-02, 1.7524e-02, 5.5275e-03, 6.2097e-03],
        [9.6388e-02, 4.4575e-01, 7.0566e-02, 1.2263e-01, 2.6467e-01],
        [1.3160e-02, 1.1896e-01, 3.3767e-01, 4.9959e-01, 3.0623e-02],
        [1.0505e-02, 3.8472e-02, 6.1735e-02, 8.8518e-01, 4.1127e-03],
        [3.4218e-03, 8.8349e-02, 1.6514e-04, 2.4470e-04, 9.0782e-01]],
       device='cuda:0')
SOD Train-Val IoU gap per class: tensor([-0.0055,  0.3642,  0.4250,  0.3592,  0.1838], device='cuda:0')
Combined score: 71.54499816894531%
Train Epoch Loss: 0.213
Train Cross Entropy Epoch Loss: 0.213
Train Water Consistency Epoch Loss: 0.000
Validation Epoch Loss: 0.431
Validation Cross Entropy Epoch Loss: 0.431
Validation val_edge_consistency_loss: 0.000
Water edge Accuarcy: 0.0
Validation SOD mIoU: 0.5333
Learning Rate: 9.05e-05
Early stopping counter: 5/30
100%|| 16/16 [00:47<00:00,  2.96s/it]
Train SOD mIoU: 0.8029
Train SOD IoU per class: tensor([0.8709, 0.6880, 0.7381, 0.8264, 0.8910], device='cuda:0')
Train SOD Precision per class: tensor([0.8963, 0.8799, 0.8256, 0.9107, 0.9310], device='cuda:0')
Train SOD Recall per class: tensor([0.9685, 0.7593, 0.8744, 0.8993, 0.9540], device='cuda:0')
Train SOD True class proportion: tensor([0.2102, 0.2300, 0.2087, 0.1717, 0.1793], device='cuda:0')
Train SOD Pred class proportion: tensor([0.2271, 0.1985, 0.2210, 0.1696, 0.1838], device='cuda:0')
Train SOD Normalized Confusion Matrix (row=true, col=pred):
tensor([[9.6847e-01, 1.9526e-02, 7.1763e-03, 4.2599e-03, 5.7191e-04],
        [7.8569e-02, 7.5929e-01, 9.7797e-02, 2.2065e-02, 4.2281e-02],
        [1.2698e-02, 5.8618e-02, 8.7441e-01, 4.2647e-02, 1.1627e-02],
        [6.7116e-03, 1.4300e-02, 7.7388e-02, 8.9925e-01, 2.3489e-03],
        [9.3614e-03, 2.8186e-02, 6.8912e-03, 1.5508e-03, 9.5401e-01]],
       device='cuda:0')
Validating...
 20%|▍                                                                                                                                     | 41/200 [49:37<3:01:46, 68.59s/it]2.41s/it]
Computing Metrics on Val dataset

Epoch 40 score:
SOD f1_metric: 79.10700225830078%
SOD F1 score: tensor([0.9394, 0.5453, 0.6180, 0.7880, 0.9080], device='cuda:0')
SOD OA: 0.7995832562446594
SOD mIoU: tensor(0.6379, device='cuda:0')
SOD IoU per class: tensor([0.8857, 0.3748, 0.4472, 0.6501, 0.8316], device='cuda:0')
SOD Precision per class: tensor([0.9144, 0.5174, 0.8427, 0.7121, 0.8528], device='cuda:0')
SOD Recall per class: tensor([0.9657, 0.5762, 0.4879, 0.8819, 0.9709], device='cuda:0')
SOD True class proportion: tensor([0.3607, 0.1373, 0.2131, 0.1388, 0.1502], device='cuda:0')
SOD Pred class proportion: tensor([0.3809, 0.1529, 0.1234, 0.1719, 0.1710], device='cuda:0')
SOD Normalized Confusion Matrix (row=true, col=pred):
tensor([[9.6568e-01, 1.6187e-02, 7.8387e-03, 3.4472e-03, 6.8505e-03],
        [1.4038e-01, 5.7623e-01, 9.5959e-02, 4.6636e-02, 1.4079e-01],
        [4.5841e-02, 2.5920e-01, 4.8794e-01, 1.9604e-01, 1.0970e-02],
        [1.7036e-02, 6.9099e-02, 2.4480e-02, 8.8191e-01, 7.4756e-03],
        [7.8712e-03, 2.0647e-02, 9.2194e-05, 4.4144e-04, 9.7095e-01]],
       device='cuda:0')
SOD Train-Val IoU gap per class: tensor([-0.0148,  0.3132,  0.2909,  0.1762,  0.0595], device='cuda:0')
Combined score: 79.10700225830078%
Train Epoch Loss: 0.218
Train Cross Entropy Epoch Loss: 0.218
Train Water Consistency Epoch Loss: 0.000
Validation Epoch Loss: 0.370
Validation Cross Entropy Epoch Loss: 0.370
Validation val_edge_consistency_loss: 0.000
Water edge Accuarcy: 0.0
Validation SOD mIoU: 0.6379
Learning Rate: 9.01e-05
Early stopping counter: 6/30
100%|| 16/16 [00:47<00:00,  2.97s/it]
Train SOD mIoU: 0.7840
Train SOD IoU per class: tensor([0.8672, 0.6897, 0.7177, 0.7799, 0.8654], device='cuda:0')
Train SOD Precision per class: tensor([0.8929, 0.8761, 0.8178, 0.8840, 0.9093], device='cuda:0')
Train SOD Recall per class: tensor([0.9679, 0.7643, 0.8544, 0.8687, 0.9472], device='cuda:0')
Train SOD True class proportion: tensor([0.2171, 0.2487, 0.2057, 0.1589, 0.1695], device='cuda:0')
Train SOD Pred class proportion: tensor([0.2354, 0.2170, 0.2149, 0.1561, 0.1766], device='cuda:0')
Train SOD Normalized Confusion Matrix (row=true, col=pred):
tensor([[9.6792e-01, 1.9073e-02, 7.0076e-03, 5.0808e-03, 9.1789e-04],
        [7.6941e-02, 7.6427e-01, 8.4399e-02, 2.3572e-02, 5.0819e-02],
        [1.3992e-02, 6.6080e-02, 8.5436e-01, 5.2337e-02, 1.3229e-02],
        [9.6571e-03, 2.0794e-02, 9.7963e-02, 8.6871e-01, 2.8755e-03],
        [9.8314e-03, 3.4435e-02, 6.3671e-03, 2.1803e-03, 9.4719e-01]],
       device='cuda:0')
Validating...
100%|| 16/16 [00:47<00:00,  2.46s/it]
Computing Metrics on Val dataset

Epoch 41 score:
SOD f1_metric: 80.03800201416016%
SOD F1 score: tensor([0.9337, 0.5996, 0.6376, 0.7617, 0.9306], device='cuda:0')
SOD OA: 0.7985628247261047
SOD mIoU: tensor(0.6514, device='cuda:0')
SOD IoU per class: tensor([0.8756, 0.4282, 0.4680, 0.6151, 0.8702], device='cuda:0')
SOD Precision per class: tensor([0.9580, 0.5172, 0.7637, 0.7053, 0.9240], device='cuda:0')
SOD Recall per class: tensor([0.9105, 0.7132, 0.5472, 0.8279, 0.9373], device='cuda:0')
SOD True class proportion: tensor([0.3607, 0.1373, 0.2131, 0.1388, 0.1502], device='cuda:0')
SOD Pred class proportion: tensor([0.3428, 0.1893, 0.1527, 0.1629, 0.1523], device='cuda:0')
SOD Normalized Confusion Matrix (row=true, col=pred):
tensor([[9.1053e-01, 5.4842e-02, 2.6087e-02, 3.0660e-04, 8.2313e-03],
        [7.5637e-02, 7.1317e-01, 1.2436e-01, 3.1066e-02, 5.5760e-02],
        [9.2982e-03, 2.3708e-01, 5.4719e-01, 2.0476e-01, 1.6724e-03],
        [1.3552e-02, 8.5341e-02, 6.8919e-02, 8.2790e-01, 4.2845e-03],
        [1.0566e-03, 6.1399e-02, 1.8496e-04, 9.4492e-05, 9.3726e-01]],
       device='cuda:0')
SOD Train-Val IoU gap per class: tensor([-0.0084,  0.2616,  0.2498,  0.1647, -0.0048], device='cuda:0')
Combined score: 80.03800201416016%
Train Epoch Loss: 0.230
Train Cross Entropy Epoch Loss: 0.230
Train Water Consistency Epoch Loss: 0.000
Validation Epoch Loss: 0.380
Validation Cross Entropy Epoch Loss: 0.380
Validation val_edge_consistency_loss: 0.000
Water edge Accuarcy: 0.0
Validation SOD mIoU: 0.6514
Learning Rate: 8.96e-05
saving model....
model saved successfully at ./work_dirs/My_DS49/best_model_My_DS49.pth
100%|| 16/16 [00:48<00:00,  3.04s/it]
Train SOD mIoU: 0.7904
Train SOD IoU per class: tensor([0.8729, 0.6743, 0.7155, 0.8000, 0.8895], device='cuda:0')
Train SOD Precision per class: tensor([0.9034, 0.8589, 0.7960, 0.9158, 0.9362], device='cuda:0')
Train SOD Recall per class: tensor([0.9628, 0.7583, 0.8762, 0.8635, 0.9469], device='cuda:0')
Train SOD True class proportion: tensor([0.2147, 0.2265, 0.1946, 0.1652, 0.1990], device='cuda:0')
Train SOD Pred class proportion: tensor([0.2288, 0.2000, 0.2142, 0.1558, 0.2013], device='cuda:0')
Train SOD Normalized Confusion Matrix (row=true, col=pred):
tensor([[9.6277e-01, 2.5430e-02, 7.8942e-03, 3.2701e-03, 6.3699e-04],
        [7.1659e-02, 7.5829e-01, 1.0360e-01, 2.0666e-02, 4.5787e-02],
        [1.0179e-02, 6.6345e-02, 8.7617e-01, 3.7180e-02, 1.0130e-02],
        [9.4623e-03, 1.9887e-02, 1.0499e-01, 8.6349e-01, 2.1775e-03],
        [1.1726e-02, 3.2946e-02, 5.9350e-03, 2.5151e-03, 9.4688e-01]],
       device='cuda:0')
Validating...
 22%|                                                                                                                                    | 43/200 [51:59<3:02:46, 69.85s/it]2.47s/it]
Computing Metrics on Val dataset

Epoch 42 score:
SOD f1_metric: 78.40799713134766%
SOD F1 score: tensor([0.9473, 0.4721, 0.6094, 0.7940, 0.9158], device='cuda:0')
SOD OA: 0.7856523990631104
SOD mIoU: tensor(0.6301, device='cuda:0')
SOD IoU per class: tensor([0.8999, 0.3090, 0.4382, 0.6584, 0.8447], device='cuda:0')
SOD Precision per class: tensor([0.9145, 0.3949, 0.8608, 0.8594, 0.8564], device='cuda:0')
SOD Recall per class: tensor([0.9826, 0.5869, 0.4716, 0.7379, 0.9841], device='cuda:0')
SOD True class proportion: tensor([0.3607, 0.1373, 0.2131, 0.1388, 0.1502], device='cuda:0')
SOD Pred class proportion: tensor([0.3875, 0.2040, 0.1168, 0.1192, 0.1726], device='cuda:0')
SOD Normalized Confusion Matrix (row=true, col=pred):
tensor([[9.8257e-01, 1.2630e-02, 3.4451e-03, 1.6932e-04, 1.1831e-03],
        [1.4971e-01, 5.8690e-01, 8.1860e-02, 1.5104e-02, 1.6642e-01],
        [3.7291e-02, 4.1962e-01, 4.7164e-01, 6.8540e-02, 2.9062e-03],
        [2.3211e-02, 2.0588e-01, 2.6578e-02, 7.3791e-01, 6.4239e-03],
        [9.3851e-03, 5.8435e-03, 5.5460e-04, 1.2982e-04, 9.8409e-01]],
       device='cuda:0')
SOD Train-Val IoU gap per class: tensor([-0.0270,  0.3653,  0.2773,  0.1415,  0.0448], device='cuda:0')
Combined score: 78.40799713134766%
Train Epoch Loss: 0.212
Train Cross Entropy Epoch Loss: 0.212
Train Water Consistency Epoch Loss: 0.000
Validation Epoch Loss: 0.383
Validation Cross Entropy Epoch Loss: 0.383
Validation val_edge_consistency_loss: 0.000
Water edge Accuarcy: 0.0
Validation SOD mIoU: 0.6301
Learning Rate: 8.91e-05
Early stopping counter: 1/30
100%|| 16/16 [00:48<00:00,  3.01s/it]
Train SOD mIoU: 0.8023
Train SOD IoU per class: tensor([0.8875, 0.6953, 0.7165, 0.8121, 0.9000], device='cuda:0')
Train SOD Precision per class: tensor([0.9132, 0.8711, 0.7916, 0.9301, 0.9421], device='cuda:0')
Train SOD Recall per class: tensor([0.9693, 0.7751, 0.8832, 0.8649, 0.9527], device='cuda:0')
Train SOD True class proportion: tensor([0.2231, 0.2364, 0.1926, 0.1702, 0.1777], device='cuda:0')
Train SOD Pred class proportion: tensor([0.2368, 0.2104, 0.2149, 0.1583, 0.1797], device='cuda:0')
Train SOD Normalized Confusion Matrix (row=true, col=pred):
tensor([[9.6930e-01, 2.0086e-02, 4.0755e-03, 5.6229e-03, 9.2023e-04],
        [6.7059e-02, 7.7505e-01, 1.0630e-01, 1.6593e-02, 3.4995e-02],
        [8.1264e-03, 7.1445e-02, 8.8315e-01, 2.9385e-02, 7.8888e-03],
        [8.9317e-03, 1.8676e-02, 1.0506e-01, 8.6493e-01, 2.4037e-03],
        [9.0732e-03, 3.2130e-02, 4.8361e-03, 1.2738e-03, 9.5269e-01]],
       device='cuda:0')
Validating...
 22%|▉                                                                                                                                   | 44/200 [53:06<2:59:48, 69.16s/it]2.50s/it]
Computing Metrics on Val dataset

Epoch 43 score:
SOD f1_metric: 74.3010025024414%
SOD F1 score: tensor([0.9170, 0.5543, 0.5381, 0.5646, 0.9531], device='cuda:0')
SOD OA: 0.7435296177864075
SOD mIoU: tensor(0.5804, device='cuda:0')
SOD IoU per class: tensor([0.8468, 0.3835, 0.3681, 0.3934, 0.9104], device='cuda:0')
SOD Precision per class: tensor([0.9061, 0.4913, 0.6623, 0.5187, 0.9829], device='cuda:0')
SOD Recall per class: tensor([0.9282, 0.6359, 0.4532, 0.6195, 0.9251], device='cuda:0')
SOD True class proportion: tensor([0.3607, 0.1373, 0.2131, 0.1388, 0.1502], device='cuda:0')
SOD Pred class proportion: tensor([0.3695, 0.1776, 0.1458, 0.1658, 0.1413], device='cuda:0')
SOD Normalized Confusion Matrix (row=true, col=pred):
tensor([[9.2821e-01, 5.2050e-02, 1.6762e-02, 4.4364e-05, 2.9312e-03],
        [1.6384e-01, 6.3588e-01, 1.0684e-01, 8.4312e-02, 9.1359e-03],
        [3.9182e-02, 1.8760e-01, 4.5315e-01, 3.1991e-01, 1.4653e-04],
        [1.9551e-02, 1.5499e-01, 2.0545e-01, 6.1948e-01, 5.2569e-04],
        [7.4835e-03, 6.7251e-02, 1.3212e-05, 1.7347e-04, 9.2508e-01]],
       device='cuda:0')
SOD Train-Val IoU gap per class: tensor([ 0.0407,  0.3118,  0.3484,  0.4188, -0.0105], device='cuda:0')
Combined score: 74.3010025024414%
Train Epoch Loss: 0.202
Train Cross Entropy Epoch Loss: 0.202
Train Water Consistency Epoch Loss: 0.000
Validation Epoch Loss: 0.433
Validation Cross Entropy Epoch Loss: 0.433
Validation val_edge_consistency_loss: 0.000
Water edge Accuarcy: 0.0
Validation SOD mIoU: 0.5804
Learning Rate: 8.86e-05
Early stopping counter: 2/30
100%|| 16/16 [00:48<00:00,  3.01s/it]
Train SOD mIoU: 0.8050
Train SOD IoU per class: tensor([0.8756, 0.6788, 0.7484, 0.8325, 0.8899], device='cuda:0')
Train SOD Precision per class: tensor([0.9028, 0.8773, 0.8208, 0.9249, 0.9303], device='cuda:0')
Train SOD Recall per class: tensor([0.9667, 0.7501, 0.8945, 0.8929, 0.9535], device='cuda:0')
Train SOD True class proportion: tensor([0.2256, 0.2279, 0.1992, 0.1595, 0.1879], device='cuda:0')
Train SOD Pred class proportion: tensor([0.2415, 0.1948, 0.2171, 0.1540, 0.1926], device='cuda:0')
Train SOD Normalized Confusion Matrix (row=true, col=pred):
tensor([[9.6673e-01, 2.1615e-02, 6.1588e-03, 4.8666e-03, 6.2706e-04],
        [8.3088e-02, 7.5006e-01, 1.0392e-01, 1.5304e-02, 4.7629e-02],
        [7.3929e-03, 5.4209e-02, 8.9451e-01, 3.3917e-02, 9.9698e-03],
        [8.1795e-03, 1.8239e-02, 7.7848e-02, 8.9293e-01, 2.8008e-03],
        [9.4485e-03, 2.8372e-02, 7.4749e-03, 1.2291e-03, 9.5348e-01]],
       device='cuda:0')
Validating...
 22%|▊                                                                                                                                  | 45/200 [54:17<2:59:43, 69.57s/it]2.48s/it]
Computing Metrics on Val dataset

Epoch 44 score:
SOD f1_metric: 77.0009994506836%
SOD F1 score: tensor([0.9410, 0.5356, 0.6192, 0.8089, 0.7517], device='cuda:0')
SOD OA: 0.7674192190170288
SOD mIoU: tensor(0.5968, device='cuda:0')
SOD IoU per class: tensor([0.8885, 0.3658, 0.4484, 0.6792, 0.6022], device='cuda:0')
SOD Precision per class: tensor([0.9240, 0.4230, 0.8493, 0.7354, 0.9573], device='cuda:0')
SOD Recall per class: tensor([0.9585, 0.7301, 0.4872, 0.8987, 0.6189], device='cuda:0')
SOD True class proportion: tensor([0.3607, 0.1373, 0.2131, 0.1388, 0.1502], device='cuda:0')
SOD Pred class proportion: tensor([0.3741, 0.2369, 0.1222, 0.1696, 0.0971], device='cuda:0')
SOD Normalized Confusion Matrix (row=true, col=pred):
tensor([[9.5851e-01, 2.2080e-02, 1.0688e-02, 2.7773e-03, 5.9483e-03],
        [1.4022e-01, 7.3010e-01, 8.4492e-02, 3.3225e-02, 1.1962e-02],
        [2.7134e-02, 3.0078e-01, 4.8717e-01, 1.8431e-01, 6.0354e-04],
        [2.1548e-02, 5.6721e-02, 2.1320e-02, 8.9874e-01, 1.6746e-03],
        [2.6616e-03, 3.7813e-01, 4.8251e-05, 2.9439e-04, 6.1886e-01]],
       device='cuda:0')
SOD Train-Val IoU gap per class: tensor([-0.0129,  0.3130,  0.3000,  0.1534,  0.2876], device='cuda:0')
Combined score: 77.0009994506836%
Train Epoch Loss: 0.202
Train Cross Entropy Epoch Loss: 0.202
Train Water Consistency Epoch Loss: 0.000
Validation Epoch Loss: 0.369
Validation Cross Entropy Epoch Loss: 0.369
Validation val_edge_consistency_loss: 0.000
Water edge Accuarcy: 0.0
Validation SOD mIoU: 0.5968
Learning Rate: 8.81e-05
Early stopping counter: 3/30
100%|| 16/16 [00:47<00:00,  2.99s/it]
Train SOD mIoU: 0.7900
Train SOD IoU per class: tensor([0.8733, 0.6829, 0.7278, 0.7924, 0.8735], device='cuda:0')
Train SOD Precision per class: tensor([0.9132, 0.8343, 0.8171, 0.9200, 0.9259], device='cuda:0')
Train SOD Recall per class: tensor([0.9523, 0.7901, 0.8694, 0.8510, 0.9392], device='cuda:0')
Train SOD True class proportion: tensor([0.2126, 0.2300, 0.2067, 0.1700, 0.1807], device='cuda:0')
Train SOD Pred class proportion: tensor([0.2217, 0.2179, 0.2199, 0.1572, 0.1833], device='cuda:0')
Train SOD Normalized Confusion Matrix (row=true, col=pred):
tensor([[9.5230e-01, 3.1135e-02, 7.7938e-03, 7.8601e-03, 9.1323e-04],
        [6.1473e-02, 7.9011e-01, 8.0332e-02, 2.1262e-02, 4.6828e-02],
        [9.5715e-03, 8.2678e-02, 8.6944e-01, 2.7218e-02, 1.1097e-02],
        [9.0760e-03, 2.7154e-02, 1.1092e-01, 8.5099e-01, 1.8625e-03],
        [8.7527e-03, 4.3112e-02, 6.8172e-03, 2.1347e-03, 9.3918e-01]],
       device='cuda:0')
Validating...
100%|| 16/16 [00:47<00:00,  2.47s/it]
Computing Metrics on Val dataset

Epoch 45 score:
SOD f1_metric: 79.97799682617188%
SOD F1 score: tensor([0.9259, 0.6004, 0.6054, 0.8238, 0.9327], device='cuda:0')
SOD OA: 0.8084448575973511
SOD mIoU: tensor(0.6599, device='cuda:0')
SOD IoU per class: tensor([0.8621, 0.4289, 0.4341, 0.7004, 0.8740], device='cuda:0')
SOD Precision per class: tensor([0.8872, 0.5386, 0.8498, 0.7801, 0.9030], device='cuda:0')
SOD Recall per class: tensor([0.9682, 0.6781, 0.4701, 0.8728, 0.9645], device='cuda:0')
SOD True class proportion: tensor([0.3607, 0.1373, 0.2131, 0.1388, 0.1502], device='cuda:0')
SOD Pred class proportion: tensor([0.3936, 0.1728, 0.1179, 0.1553, 0.1604], device='cuda:0')
SOD Normalized Confusion Matrix (row=true, col=pred):
tensor([[9.6823e-01, 1.8896e-02, 5.6126e-03, 1.6562e-04, 7.0965e-03],
        [1.2722e-01, 6.7805e-01, 8.2183e-02, 2.9297e-02, 8.3253e-02],
        [1.0645e-01, 2.7670e-01, 4.7014e-01, 1.4114e-01, 5.5663e-03],
        [2.6572e-02, 6.6368e-02, 3.1553e-02, 8.7276e-01, 2.7453e-03],
        [3.8204e-03, 3.1516e-02, 1.8439e-04, 0.0000e+00, 9.6448e-01]],
       device='cuda:0')
SOD Train-Val IoU gap per class: tensor([ 0.0112,  0.2540,  0.2937,  0.0920, -0.0004], device='cuda:0')
Combined score: 79.97799682617188%
Train Epoch Loss: 0.212
Train Cross Entropy Epoch Loss: 0.212
Train Water Consistency Epoch Loss: 0.000
Validation Epoch Loss: 0.404
Validation Cross Entropy Epoch Loss: 0.404
Validation val_edge_consistency_loss: 0.000
Water edge Accuarcy: 0.0
Validation SOD mIoU: 0.6599
Learning Rate: 8.76e-05
saving model....
model saved successfully at ./work_dirs/My_DS49/best_model_My_DS49.pth
100%|| 16/16 [00:47<00:00,  2.96s/it]
Train SOD mIoU: 0.8041
Train SOD IoU per class: tensor([0.8844, 0.6915, 0.7360, 0.8176, 0.8911], device='cuda:0')
Train SOD Precision per class: tensor([0.9100, 0.8582, 0.8137, 0.9257, 0.9474], device='cuda:0')
Train SOD Recall per class: tensor([0.9692, 0.7807, 0.8852, 0.8750, 0.9375], device='cuda:0')
Train SOD True class proportion: tensor([0.2179, 0.2238, 0.1993, 0.1737, 0.1854], device='cuda:0')
Train SOD Pred class proportion: tensor([0.2320, 0.2036, 0.2168, 0.1642, 0.1835], device='cuda:0')
Train SOD Normalized Confusion Matrix (row=true, col=pred):
tensor([[9.6916e-01, 2.3158e-02, 4.7122e-03, 2.3724e-03, 5.9291e-04],
        [6.4905e-02, 7.8070e-01, 9.8061e-02, 2.2257e-02, 3.4081e-02],
        [1.0888e-02, 6.4209e-02, 8.8520e-01, 3.1648e-02, 8.0538e-03],
        [9.9786e-03, 2.3214e-02, 9.0184e-02, 8.7499e-01, 1.6280e-03],
        [1.3199e-02, 3.7792e-02, 9.4062e-03, 2.1428e-03, 9.3746e-01]],
       device='cuda:0')
Validating...
 24%|▍                                                                                                                                | 47/200 [56:32<2:54:53, 68.58s/it]2.46s/it]
Computing Metrics on Val dataset

Epoch 46 score:
SOD f1_metric: 72.15899658203125%
SOD F1 score: tensor([0.9360, 0.5788, 0.3432, 0.6729, 0.9189], device='cuda:0')
SOD OA: 0.7544970512390137
SOD mIoU: tensor(0.5703, device='cuda:0')
SOD IoU per class: tensor([0.8798, 0.4073, 0.2071, 0.5071, 0.8500], device='cuda:0')
SOD Precision per class: tensor([0.8975, 0.5724, 0.8903, 0.5242, 0.8729], device='cuda:0')
SOD Recall per class: tensor([0.9780, 0.5854, 0.2126, 0.9397, 0.9700], device='cuda:0')
SOD True class proportion: tensor([0.3607, 0.1373, 0.2131, 0.1388, 0.1502], device='cuda:0')
SOD Pred class proportion: tensor([0.3930, 0.1404, 0.0509, 0.2489, 0.1669], device='cuda:0')
SOD Normalized Confusion Matrix (row=true, col=pred):
tensor([[9.7804e-01, 1.5465e-02, 1.4824e-03, 5.7338e-04, 4.4426e-03],
        [1.3258e-01, 5.8536e-01, 3.5634e-02, 1.1176e-01, 1.3466e-01],
        [8.1130e-02, 2.2079e-01, 2.1257e-01, 4.8227e-01, 3.2412e-03],
        [2.1086e-02, 3.5141e-02, 1.0383e-03, 9.3967e-01, 3.0659e-03],
        [1.2499e-02, 1.6727e-02, 8.1854e-05, 6.5168e-04, 9.7004e-01]],
       device='cuda:0')
SOD Train-Val IoU gap per class: tensor([0.0047, 0.2842, 0.5289, 0.3105, 0.0411], device='cuda:0')
Combined score: 72.15899658203125%
Train Epoch Loss: 0.197
Train Cross Entropy Epoch Loss: 0.197
Train Water Consistency Epoch Loss: 0.000
Validation Epoch Loss: 0.449
Validation Cross Entropy Epoch Loss: 0.449
Validation val_edge_consistency_loss: 0.000
Water edge Accuarcy: 0.0
Validation SOD mIoU: 0.5703
Learning Rate: 8.71e-05
Early stopping counter: 1/30
100%|| 16/16 [00:47<00:00,  3.00s/it]
Train SOD mIoU: 0.8207
Train SOD IoU per class: tensor([0.8847, 0.7136, 0.7684, 0.8414, 0.8954], device='cuda:0')
Train SOD Precision per class: tensor([0.9062, 0.8899, 0.8504, 0.9076, 0.9412], device='cuda:0')
Train SOD Recall per class: tensor([0.9739, 0.7828, 0.8885, 0.9202, 0.9484], device='cuda:0')
Train SOD True class proportion: tensor([0.2168, 0.2376, 0.1953, 0.1550, 0.1953], device='cuda:0')
Train SOD Pred class proportion: tensor([0.2330, 0.2090, 0.2040, 0.1572, 0.1968], device='cuda:0')
Train SOD Normalized Confusion Matrix (row=true, col=pred):
tensor([[9.7391e-01, 1.6727e-02, 4.8105e-03, 3.8671e-03, 6.8464e-04],
        [7.1122e-02, 7.8276e-01, 8.4433e-02, 2.2098e-02, 3.9590e-02],
        [6.8720e-03, 5.5308e-02, 8.8847e-01, 4.0596e-02, 8.7567e-03],
        [7.7598e-03, 1.6992e-02, 5.3064e-02, 9.2016e-01, 2.0241e-03],
        [1.2354e-02, 3.0498e-02, 6.1393e-03, 2.5638e-03, 9.4844e-01]],
       device='cuda:0')
Validating...
 24%|▎                                                                                                                               | 48/200 [57:42<2:54:32, 68.90s/it]2.44s/it]
Computing Metrics on Val dataset

Epoch 47 score:
SOD f1_metric: 72.51899719238281%
SOD F1 score: tensor([0.8681, 0.5101, 0.5379, 0.6969, 0.8705], device='cuda:0')
SOD OA: 0.7225560545921326
SOD mIoU: tensor(0.5565, device='cuda:0')
SOD IoU per class: tensor([0.7669, 0.3424, 0.3679, 0.5347, 0.7707], device='cuda:0')
SOD Precision per class: tensor([0.9462, 0.4153, 0.8605, 0.5645, 0.8568], device='cuda:0')
SOD Recall per class: tensor([0.8019, 0.6611, 0.3912, 0.9104, 0.8846], device='cuda:0')
SOD True class proportion: tensor([0.3607, 0.1373, 0.2131, 0.1388, 0.1502], device='cuda:0')
SOD Pred class proportion: tensor([0.3057, 0.2185, 0.0969, 0.2239, 0.1550], device='cuda:0')
SOD Normalized Confusion Matrix (row=true, col=pred):
tensor([[8.0194e-01, 1.7534e-01, 1.1371e-02, 1.8666e-03, 9.4888e-03],
        [5.3065e-02, 6.6108e-01, 6.3324e-02, 1.0244e-01, 1.2008e-01],
        [3.9756e-02, 1.7265e-01, 3.9124e-01, 3.8830e-01, 8.0543e-03],
        [1.9934e-03, 7.8516e-02, 4.9130e-03, 9.1037e-01, 4.2040e-03],
        [2.8192e-03, 1.1210e-01, 2.5102e-04, 2.0421e-04, 8.8463e-01]],
       device='cuda:0')
SOD Train-Val IoU gap per class: tensor([0.1178, 0.3712, 0.4004, 0.3066, 0.1247], device='cuda:0')
Combined score: 72.51899719238281%
Train Epoch Loss: 0.184
Train Cross Entropy Epoch Loss: 0.184
Train Water Consistency Epoch Loss: 0.000
Validation Epoch Loss: 0.490
Validation Cross Entropy Epoch Loss: 0.490
Validation val_edge_consistency_loss: 0.000
Water edge Accuarcy: 0.0
Validation SOD mIoU: 0.5565
Learning Rate: 8.66e-05
Early stopping counter: 2/30
100%|| 16/16 [00:48<00:00,  3.02s/it]
Train SOD mIoU: 0.8095
Train SOD IoU per class: tensor([0.8819, 0.7102, 0.7438, 0.8207, 0.8908], device='cuda:0')
Train SOD Precision per class: tensor([0.9117, 0.8694, 0.8308, 0.9013, 0.9482], device='cuda:0')
Train SOD Recall per class: tensor([0.9642, 0.7951, 0.8765, 0.9017, 0.9364], device='cuda:0')
Train SOD True class proportion: tensor([0.2071, 0.2347, 0.1918, 0.1677, 0.1987], device='cuda:0')
Train SOD Pred class proportion: tensor([0.2190, 0.2147, 0.2023, 0.1678, 0.1962], device='cuda:0')
Train SOD Normalized Confusion Matrix (row=true, col=pred):
tensor([[9.6419e-01, 2.4210e-02, 4.9643e-03, 5.9891e-03, 6.4776e-04],
        [6.0818e-02, 7.9507e-01, 8.4448e-02, 2.5077e-02, 3.4587e-02],
        [8.3599e-03, 5.9854e-02, 8.7653e-01, 4.6660e-02, 8.5927e-03],
        [6.2411e-03, 1.9266e-02, 7.1159e-02, 9.0172e-01, 1.6181e-03],
        [1.2102e-02, 4.1845e-02, 7.2645e-03, 2.4188e-03, 9.3637e-01]],
       device='cuda:0')
Validating...
 24%|▏                                                                                                                              | 49/200 [58:52<2:54:32, 69.35s/it]2.46s/it]
Computing Metrics on Val dataset

Epoch 48 score:
SOD f1_metric: 66.55999755859375%
SOD F1 score: tensor([0.8621, 0.3252, 0.4312, 0.6785, 0.8254], device='cuda:0')
SOD OA: 0.677137553691864
SOD mIoU: tensor(0.4886, device='cuda:0')
SOD IoU per class: tensor([0.7577, 0.1942, 0.2748, 0.5134, 0.7027], device='cuda:0')
SOD Precision per class: tensor([0.9036, 0.2842, 0.9030, 0.5647, 0.7053], device='cuda:0')
SOD Recall per class: tensor([0.8243, 0.3800, 0.2832, 0.8497, 0.9948], device='cuda:0')
SOD True class proportion: tensor([0.3607, 0.1373, 0.2131, 0.1388, 0.1502], device='cuda:0')
SOD Pred class proportion: tensor([0.3290, 0.1835, 0.0668, 0.2089, 0.2118], device='cuda:0')
SOD Normalized Confusion Matrix (row=true, col=pred):
tensor([[8.2430e-01, 1.5370e-01, 1.1553e-02, 1.2795e-04, 1.0315e-02],
        [1.2836e-01, 3.8001e-01, 1.6769e-02, 1.0154e-01, 3.7332e-01],
        [5.2076e-02, 2.7728e-01, 2.8320e-01, 3.6095e-01, 2.6492e-02],
        [1.6654e-02, 1.2064e-01, 7.5499e-05, 8.4972e-01, 1.2908e-02],
        [4.5922e-03, 5.3248e-04, 3.1306e-05, 8.6163e-05, 9.9476e-01]],
       device='cuda:0')
SOD Train-Val IoU gap per class: tensor([0.1242, 0.5160, 0.4689, 0.3073, 0.1880], device='cuda:0')
Combined score: 66.55999755859375%
Train Epoch Loss: 0.193
Train Cross Entropy Epoch Loss: 0.193
Train Water Consistency Epoch Loss: 0.000
Validation Epoch Loss: 0.548
Validation Cross Entropy Epoch Loss: 0.548
Validation val_edge_consistency_loss: 0.000
Water edge Accuarcy: 0.0
Validation SOD mIoU: 0.4886
Learning Rate: 8.60e-05
Early stopping counter: 3/30
100%|| 16/16 [00:48<00:00,  3.04s/it]
Train SOD mIoU: 0.8210
Train SOD IoU per class: tensor([0.8876, 0.7192, 0.7623, 0.8370, 0.8992], device='cuda:0')
Train SOD Precision per class: tensor([0.9135, 0.8937, 0.8380, 0.9079, 0.9443], device='cuda:0')
Train SOD Recall per class: tensor([0.9690, 0.7865, 0.8940, 0.9146, 0.9496], device='cuda:0')
Train SOD True class proportion: tensor([0.2091, 0.2384, 0.2037, 0.1606, 0.1882], device='cuda:0')
Train SOD Pred class proportion: tensor([0.2218, 0.2098, 0.2173, 0.1618, 0.1893], device='cuda:0')
Train SOD Normalized Confusion Matrix (row=true, col=pred):
tensor([[9.6904e-01, 2.2364e-02, 3.9570e-03, 4.0137e-03, 6.2025e-04],
        [5.7893e-02, 7.8647e-01, 9.6805e-02, 2.3507e-02, 3.5322e-02],
        [8.6751e-03, 4.9486e-02, 8.9404e-01, 3.9159e-02, 8.6387e-03],
        [8.0542e-03, 1.6342e-02, 5.9475e-02, 9.1463e-01, 1.4965e-03],
        [1.2400e-02, 2.6089e-02, 9.3134e-03, 2.5769e-03, 9.4962e-01]],
       device='cuda:0')
Validating...
 25%|▌                                                                                                                            | 50/200 [1:00:00<2:52:24, 68.96s/it]2.52s/it]
Computing Metrics on Val dataset

Epoch 49 score:
SOD f1_metric: 78.15699768066406%
SOD F1 score: tensor([0.9363, 0.5718, 0.5444, 0.7770, 0.9424], device='cuda:0')
SOD OA: 0.7891860604286194
SOD mIoU: tensor(0.6362, device='cuda:0')
SOD IoU per class: tensor([0.8803, 0.4003, 0.3740, 0.6354, 0.8910], device='cuda:0')
SOD Precision per class: tensor([0.9169, 0.4730, 0.8344, 0.7524, 0.9063], device='cuda:0')
SOD Recall per class: tensor([0.9566, 0.7227, 0.4040, 0.8034, 0.9814], device='cuda:0')
