wandb: WARNING Symlinked 1 file into the W&B run directory; call wandb.save again to sync new files.
Save Config File
Options initialised
100%|| 53/53 [09:29<00:00, 10.74s/it]
Data setup complete.
-----------------------------------
Starting Training
-----------------------------------
Training...
100%|| 100/100 [00:37<00:00,  2.69it/s]
100%|| 16/16 [00:45<00:00,  2.82s/it]
Train SOD mIoU: 0.4866
Train SOD IoU per class: tensor([0.7087, 0.2372, 0.3533, 0.4348, 0.6991], device='cuda:0')
Train SOD Precision per class: tensor([0.7587, 0.7772, 0.5502, 0.4830, 0.8308], device='cuda:0')
Train SOD Recall per class: tensor([0.9149, 0.2546, 0.4968, 0.8135, 0.8152], device='cuda:0')
Train SOD True class proportion: tensor([0.2585, 0.2305, 0.1617, 0.1764, 0.1729], device='cuda:0')
Train SOD Pred class proportion: tensor([0.3118, 0.0755, 0.1460, 0.2971, 0.1697], device='cuda:0')
Train SOD Normalized Confusion Matrix (row=true, col=pred):
tensor([[0.9149, 0.0057, 0.0251, 0.0491, 0.0051],
        [0.1677, 0.2546, 0.1316, 0.3372, 0.1090],
        [0.1147, 0.0342, 0.4968, 0.3438, 0.0105],
        [0.0497, 0.0121, 0.1215, 0.8135, 0.0032],
        [0.0536, 0.0445, 0.0428, 0.0440, 0.8152]], device='cuda:0')
Validating...
100%|| 16/16 [00:44<00:00,  3.16s/it]
Computing Metrics on Val dataset

Epoch 0 score:
SOD f1_metric: 68.17400360107422%
SOD F1 score: tensor([0.9159, 0.5938, 0.2524, 0.5629, 0.9188], device='cuda:0')
SOD OA: 0.7114269137382507
SOD mIoU: tensor(0.5306, device='cuda:0')
SOD IoU per class: tensor([0.8448, 0.4223, 0.1444, 0.3917, 0.8498], device='cuda:0')
SOD Precision per class: tensor([0.8942, 0.6238, 0.6966, 0.4143, 0.9030], device='cuda:0')
SOD Recall per class: tensor([0.9386, 0.5666, 0.1541, 0.8777, 0.9352], device='cuda:0')
SOD True class proportion: tensor([0.3607, 0.1373, 0.2131, 0.1388, 0.1502], device='cuda:0')
SOD Pred class proportion: tensor([0.3786, 0.1247, 0.0471, 0.2941, 0.1555], device='cuda:0')
SOD Normalized Confusion Matrix (row=true, col=pred):
tensor([[9.3862e-01, 4.5366e-02, 3.5586e-03, 1.2453e-02, 1.9133e-06],
        [1.0788e-01, 5.6660e-01, 3.1940e-02, 1.8764e-01, 1.0594e-01],
        [1.0279e-01, 7.5266e-02, 1.5411e-01, 6.6602e-01, 1.8111e-03],
        [2.1455e-02, 3.7567e-02, 6.2062e-02, 8.7774e-01, 1.1770e-03],
        [2.3664e-03, 6.1905e-02, 1.1832e-04, 3.9746e-04, 9.3521e-01]],
       device='cuda:0')
SOD Train-Val IoU gap per class: tensor([-0.1361, -0.1850,  0.2089,  0.0431, -0.1507], device='cuda:0')
Combined score: 68.17400360107422%
Train Epoch Loss: 0.568
Train Cross Entropy Epoch Loss: 0.568
Train Water Consistency Epoch Loss: 0.000
Validation Epoch Loss: 0.465
Validation Cross Entropy Epoch Loss: 0.465
Validation val_edge_consistency_loss: 0.000
Water edge Accuarcy: 0.0
Validation SOD mIoU: 0.5306
Learning Rate: 1.00e-03
saving model....
model saved successfully at ./work_dirs/My_DS48/best_model_My_DS48.pth
100%|| 100/100 [00:21<00:00,  4.65it/s]
100%|| 16/16 [00:42<00:00,  2.64s/it]
Train SOD mIoU: 0.6617
Train SOD IoU per class: tensor([0.8325, 0.5288, 0.5288, 0.6099, 0.8087], device='cuda:0')
Train SOD Precision per class: tensor([0.8584, 0.7792, 0.7511, 0.6961, 0.8980], device='cuda:0')
Train SOD Recall per class: tensor([0.9651, 0.6219, 0.6412, 0.8312, 0.8904], device='cuda:0')
Train SOD True class proportion: tensor([0.2649, 0.2127, 0.1587, 0.1790, 0.1847], device='cuda:0')
Train SOD Pred class proportion: tensor([0.2978, 0.1698, 0.1355, 0.2138, 0.1832], device='cuda:0')
Train SOD Normalized Confusion Matrix (row=true, col=pred):
tensor([[9.6512e-01, 1.4675e-02, 7.8376e-03, 1.1723e-02, 6.4847e-04],
        [9.7287e-02, 6.2195e-01, 6.6775e-02, 1.3681e-01, 7.7183e-02],
        [6.7379e-02, 7.8885e-02, 6.4120e-01, 2.0109e-01, 1.1450e-02],
        [1.9670e-02, 5.4932e-02, 9.2667e-02, 8.3121e-01, 1.5208e-03],
        [3.9434e-02, 6.0879e-02, 4.5814e-03, 4.7002e-03, 8.9041e-01]],
       device='cuda:0')
Validating...
100%|| 16/16 [00:42<00:00,  2.77s/it]
Computing Metrics on Val dataset

Epoch 1 score:
SOD f1_metric: 74.33300018310547%
SOD F1 score: tensor([0.9358, 0.5730, 0.4805, 0.6639, 0.8832], device='cuda:0')
SOD OA: 0.760579526424408
SOD mIoU: tensor(0.5770, device='cuda:0')
SOD IoU per class: tensor([0.8793, 0.4015, 0.3162, 0.4969, 0.7908], device='cuda:0')
SOD Precision per class: tensor([0.8901, 0.5564, 0.8004, 0.5596, 0.8540], device='cuda:0')
SOD Recall per class: tensor([0.9864, 0.5906, 0.3433, 0.8160, 0.9145], device='cuda:0')
SOD True class proportion: tensor([0.3607, 0.1373, 0.2131, 0.1388, 0.1502], device='cuda:0')
SOD Pred class proportion: tensor([0.3997, 0.1457, 0.0914, 0.2024, 0.1608], device='cuda:0')
SOD Normalized Confusion Matrix (row=true, col=pred):
tensor([[9.8641e-01, 6.1143e-03, 3.3458e-03, 4.0862e-03, 4.1613e-05],
        [1.2930e-01, 5.9058e-01, 4.7940e-02, 1.0073e-01, 1.3144e-01],
        [1.0521e-01, 1.8632e-01, 3.4327e-01, 3.4641e-01, 1.8788e-02],
        [2.4846e-02, 7.3713e-02, 7.5238e-02, 8.1600e-01, 1.0203e-02],
        [2.0390e-03, 8.3225e-02, 5.1693e-05, 1.9643e-04, 9.1449e-01]],
       device='cuda:0')
SOD Train-Val IoU gap per class: tensor([-0.0468,  0.1272,  0.2126,  0.1130,  0.0178], device='cuda:0')
Combined score: 74.33300018310547%
Train Epoch Loss: 0.354
Train Cross Entropy Epoch Loss: 0.354
Train Water Consistency Epoch Loss: 0.000
Validation Epoch Loss: 0.434
Validation Cross Entropy Epoch Loss: 0.434
Validation val_edge_consistency_loss: 0.000
Water edge Accuarcy: 0.0
Validation SOD mIoU: 0.5770
Learning Rate: 1.00e-03
saving model....
model saved successfully at ./work_dirs/My_DS48/best_model_My_DS48.pth
100%|| 16/16 [00:41<00:00,  2.57s/it]
Train SOD mIoU: 0.7162
Train SOD IoU per class: tensor([0.8574, 0.6110, 0.6048, 0.6905, 0.8174], device='cuda:0')
Train SOD Precision per class: tensor([0.8817, 0.8256, 0.7997, 0.7697, 0.8933], device='cuda:0')
Train SOD Recall per class: tensor([0.9688, 0.7015, 0.7129, 0.8703, 0.9059], device='cuda:0')
Train SOD True class proportion: tensor([0.2610, 0.2260, 0.1602, 0.1768, 0.1760], device='cuda:0')
Train SOD Pred class proportion: tensor([0.2868, 0.1920, 0.1428, 0.1999, 0.1785], device='cuda:0')
Train SOD Normalized Confusion Matrix (row=true, col=pred):
tensor([[9.6879e-01, 1.4032e-02, 7.0458e-03, 9.2799e-03, 8.4747e-04],
        [7.5027e-02, 7.0153e-01, 6.0285e-02, 9.0133e-02, 7.3028e-02],
        [5.1039e-02, 8.2285e-02, 7.1286e-01, 1.4168e-01, 1.2134e-02],
        [1.5047e-02, 4.4305e-02, 6.8169e-02, 8.7033e-01, 2.1479e-03],
        [3.4814e-02, 4.9971e-02, 6.2630e-03, 3.0869e-03, 9.0587e-01]],
       device='cuda:0')
Validating...
100%|| 16/16 [00:40<00:00,  2.71s/it]
Computing Metrics on Val dataset

Epoch 2 score:
SOD f1_metric: 78.61399841308594%
SOD F1 score: tensor([0.9514, 0.6075, 0.6050, 0.6772, 0.9102], device='cuda:0')
SOD OA: 0.7920351028442383
SOD mIoU: tensor(0.6249, device='cuda:0')
SOD IoU per class: tensor([0.9074, 0.4363, 0.4337, 0.5119, 0.8352], device='cuda:0')
SOD Precision per class: tensor([0.9341, 0.5877, 0.7555, 0.6136, 0.8676], device='cuda:0')
SOD Recall per class: tensor([0.9694, 0.6286, 0.5045, 0.7555, 0.9572], device='cuda:0')
SOD True class proportion: tensor([0.3607, 0.1373, 0.2131, 0.1388, 0.1502], device='cuda:0')
SOD Pred class proportion: tensor([0.3743, 0.1468, 0.1423, 0.1709, 0.1657], device='cuda:0')
SOD Normalized Confusion Matrix (row=true, col=pred):
tensor([[9.6940e-01, 1.0312e-02, 1.6841e-02, 3.4395e-03, 7.1747e-06],
        [8.5583e-02, 6.2861e-01, 5.4851e-02, 9.1349e-02, 1.3961e-01],
        [4.5626e-02, 1.9755e-01, 5.0447e-01, 2.4524e-01, 7.1173e-03],
        [2.0353e-02, 6.2707e-02, 1.5242e-01, 7.5549e-01, 9.0258e-03],
        [2.4388e-03, 4.0022e-02, 2.2630e-04, 6.4329e-05, 9.5725e-01]],
       device='cuda:0')
SOD Train-Val IoU gap per class: tensor([-0.0500,  0.1748,  0.1712,  0.1786, -0.0179], device='cuda:0')
Combined score: 78.61399841308594%
Train Epoch Loss: 0.292
Train Cross Entropy Epoch Loss: 0.292
Train Water Consistency Epoch Loss: 0.000
Validation Epoch Loss: 0.377
Validation Cross Entropy Epoch Loss: 0.377
Validation val_edge_consistency_loss: 0.000
Water edge Accuarcy: 0.0
Validation SOD mIoU: 0.6249
Learning Rate: 9.99e-04
saving model....
model saved successfully at ./work_dirs/My_DS48/best_model_My_DS48.pth
100%|| 16/16 [00:43<00:00,  2.69s/it]
Train SOD mIoU: 0.7460
Train SOD IoU per class: tensor([0.8835, 0.6477, 0.6348, 0.7302, 0.8339], device='cuda:0')
Train SOD Precision per class: tensor([0.9106, 0.8196, 0.8155, 0.8179, 0.9020], device='cuda:0')
Train SOD Recall per class: tensor([0.9674, 0.7554, 0.7413, 0.8718, 0.9170], device='cuda:0')
Train SOD True class proportion: tensor([0.2731, 0.2226, 0.1569, 0.1806, 0.1668], device='cuda:0')
Train SOD Pred class proportion: tensor([0.2901, 0.2052, 0.1426, 0.1925, 0.1696], device='cuda:0')
Train SOD Normalized Confusion Matrix (row=true, col=pred):
tensor([[9.6739e-01, 1.6877e-02, 6.1849e-03, 8.7043e-03, 8.4433e-04],
        [6.0302e-02, 7.5542e-01, 5.2819e-02, 6.7856e-02, 6.3602e-02],
        [3.5226e-02, 1.0250e-01, 7.4132e-01, 1.0888e-01, 1.2071e-02],
        [1.4199e-02, 4.6632e-02, 6.5411e-02, 8.7184e-01, 1.9225e-03],
        [2.6501e-02, 4.7365e-02, 6.3141e-03, 2.8394e-03, 9.1698e-01]],
       device='cuda:0')
Validating...
  2%|▍                                                                                                                                                                     | 4/200 [04:31<3:33:43, 65.43s/it]2.94s/it]
Computing Metrics on Val dataset

Epoch 3 score:
SOD f1_metric: 76.04900360107422%
SOD F1 score: tensor([0.9439, 0.5740, 0.5147, 0.6766, 0.9167], device='cuda:0')
SOD OA: 0.7718937397003174
SOD mIoU: tensor(0.6001, device='cuda:0')
SOD IoU per class: tensor([0.8938, 0.4025, 0.3466, 0.5112, 0.8463], device='cuda:0')
SOD Precision per class: tensor([0.9030, 0.5084, 0.8214, 0.5941, 0.9288], device='cuda:0')
SOD Recall per class: tensor([0.9887, 0.6591, 0.3748, 0.7856, 0.9050], device='cuda:0')
SOD True class proportion: tensor([0.3607, 0.1373, 0.2131, 0.1388, 0.1502], device='cuda:0')
SOD Pred class proportion: tensor([0.3949, 0.1780, 0.0972, 0.1836, 0.1463], device='cuda:0')
SOD Normalized Confusion Matrix (row=true, col=pred):
tensor([[9.8871e-01, 4.3153e-03, 5.1576e-03, 1.8181e-03, 0.0000e+00],
        [1.3383e-01, 6.5906e-01, 3.6592e-02, 1.0085e-01, 6.9665e-02],
        [7.0041e-02, 2.7008e-01, 3.7480e-01, 2.8163e-01, 3.4433e-03],
        [3.3684e-02, 1.0430e-01, 7.5453e-02, 7.8563e-01, 9.3464e-04],
        [2.2274e-03, 9.2676e-02, 5.1693e-05, 0.0000e+00, 9.0505e-01]],
       device='cuda:0')
SOD Train-Val IoU gap per class: tensor([-0.0103,  0.2452,  0.2883,  0.2189, -0.0124], device='cuda:0')
Combined score: 76.04900360107422%
Train Epoch Loss: 0.257
Train Cross Entropy Epoch Loss: 0.257
Train Water Consistency Epoch Loss: 0.000
Validation Epoch Loss: 0.409
Validation Cross Entropy Epoch Loss: 0.409
Validation val_edge_consistency_loss: 0.000
Water edge Accuarcy: 0.0
Validation SOD mIoU: 0.6001
Learning Rate: 9.99e-04
Early stopping counter: 1/30
100%|| 16/16 [00:42<00:00,  2.67s/it]
Train SOD mIoU: 0.7599
Train SOD IoU per class: tensor([0.8886, 0.6701, 0.6468, 0.7442, 0.8500], device='cuda:0')
Train SOD Precision per class: tensor([0.9151, 0.8332, 0.8327, 0.8236, 0.9101], device='cuda:0')
Train SOD Recall per class: tensor([0.9684, 0.7739, 0.7433, 0.8853, 0.9278], device='cuda:0')
Train SOD True class proportion: tensor([0.2674, 0.2199, 0.1583, 0.1835, 0.1709], device='cuda:0')
Train SOD Pred class proportion: tensor([0.2830, 0.2043, 0.1413, 0.1972, 0.1742], device='cuda:0')
Train SOD Normalized Confusion Matrix (row=true, col=pred):
tensor([[9.6842e-01, 1.8482e-02, 4.5387e-03, 7.5920e-03, 9.6751e-04],
        [5.3493e-02, 7.7393e-01, 4.8231e-02, 6.5283e-02, 5.9064e-02],
        [3.5129e-02, 9.5538e-02, 7.4334e-01, 1.1305e-01, 1.2941e-02],
        [1.3926e-02, 3.8167e-02, 6.0670e-02, 8.8527e-01, 1.9624e-03],
        [2.4318e-02, 4.0941e-02, 4.0425e-03, 2.8571e-03, 9.2784e-01]],
       device='cuda:0')
Validating...
  2%|▏                                                                                                                                                                    | 5/200 [05:35<3:31:07, 64.96s/it]3.00s/it]
Computing Metrics on Val dataset

Epoch 4 score:
SOD f1_metric: 76.79900360107422%
SOD F1 score: tensor([0.9490, 0.5273, 0.5826, 0.6908, 0.8875], device='cuda:0')
SOD OA: 0.7755888104438782
SOD mIoU: tensor(0.5995, device='cuda:0')
SOD IoU per class: tensor([0.9030, 0.3581, 0.4111, 0.5277, 0.7977], device='cuda:0')
SOD Precision per class: tensor([0.9216, 0.4915, 0.7753, 0.6443, 0.8365], device='cuda:0')
SOD Recall per class: tensor([0.9782, 0.5688, 0.4667, 0.7446, 0.9450], device='cuda:0')
SOD True class proportion: tensor([0.3607, 0.1373, 0.2131, 0.1388, 0.1502], device='cuda:0')
SOD Pred class proportion: tensor([0.3828, 0.1589, 0.1283, 0.1604, 0.1696], device='cuda:0')
SOD Normalized Confusion Matrix (row=true, col=pred):
tensor([[9.7820e-01, 1.1199e-02, 6.2329e-03, 4.3311e-03, 3.5873e-05],
        [1.1997e-01, 5.6880e-01, 6.2059e-02, 8.2029e-02, 1.6714e-01],
        [4.4619e-02, 2.6592e-01, 4.6668e-01, 2.0756e-01, 1.5224e-02],
        [2.7156e-02, 8.7251e-02, 1.2999e-01, 7.4458e-01, 1.1024e-02],
        [1.8782e-03, 5.3026e-02, 8.5007e-05, 3.6760e-05, 9.4497e-01]],
       device='cuda:0')
SOD Train-Val IoU gap per class: tensor([-0.0145,  0.3120,  0.2357,  0.2165,  0.0523], device='cuda:0')
Combined score: 76.79900360107422%
Train Epoch Loss: 0.234
Train Cross Entropy Epoch Loss: 0.234
Train Water Consistency Epoch Loss: 0.000
Validation Epoch Loss: 0.389
Validation Cross Entropy Epoch Loss: 0.389
Validation val_edge_consistency_loss: 0.000
Water edge Accuarcy: 0.0
Validation SOD mIoU: 0.5995
Learning Rate: 9.98e-04
Early stopping counter: 2/30
100%|| 16/16 [00:40<00:00,  2.55s/it]
Train SOD mIoU: 0.7677
Train SOD IoU per class: tensor([0.8943, 0.6746, 0.6623, 0.7588, 0.8486], device='cuda:0')
Train SOD Precision per class: tensor([0.9219, 0.8421, 0.8319, 0.8336, 0.9056], device='cuda:0')
Train SOD Recall per class: tensor([0.9676, 0.7722, 0.7647, 0.8943, 0.9310], device='cuda:0')
Train SOD True class proportion: tensor([0.2660, 0.2210, 0.1594, 0.1817, 0.1719], device='cuda:0')
Train SOD Pred class proportion: tensor([0.2792, 0.2027, 0.1465, 0.1949, 0.1768], device='cuda:0')
Train SOD Normalized Confusion Matrix (row=true, col=pred):
tensor([[9.6759e-01, 1.6824e-02, 6.8534e-03, 7.8135e-03, 9.2243e-04],
        [4.8100e-02, 7.7225e-01, 5.7629e-02, 5.9387e-02, 6.2637e-02],
        [3.0609e-02, 8.6289e-02, 7.6469e-01, 1.0510e-01, 1.3312e-02],
        [1.3036e-02, 3.9200e-02, 5.0874e-02, 8.9426e-01, 2.6262e-03],
        [2.2759e-02, 3.8679e-02, 4.8757e-03, 2.6990e-03, 9.3099e-01]],
       device='cuda:0')
Validating...
  3%|                                                                                                                                                                    | 6/200 [06:34<3:23:08, 62.83s/it]2.74s/it]
Computing Metrics on Val dataset

Epoch 5 score:
SOD f1_metric: 76.86399841308594%
SOD F1 score: tensor([0.9429, 0.5409, 0.5729, 0.7050, 0.8949], device='cuda:0')
SOD OA: 0.7815542817115784
SOD mIoU: tensor(0.6037, device='cuda:0')
SOD IoU per class: tensor([0.8919, 0.3707, 0.4014, 0.5444, 0.8098], device='cuda:0')
SOD Precision per class: tensor([0.9050, 0.5506, 0.8024, 0.6239, 0.8278], device='cuda:0')
SOD Recall per class: tensor([0.9841, 0.5316, 0.4454, 0.8104, 0.9738], device='cuda:0')
SOD True class proportion: tensor([0.3607, 0.1373, 0.2131, 0.1388, 0.1502], device='cuda:0')
SOD Pred class proportion: tensor([0.3922, 0.1325, 0.1183, 0.1803, 0.1767], device='cuda:0')
SOD Normalized Confusion Matrix (row=true, col=pred):
tensor([[9.8413e-01, 6.4979e-03, 6.8796e-03, 2.4939e-03, 1.9133e-06],
        [1.1784e-01, 5.3162e-01, 5.6028e-02, 9.0711e-02, 2.0380e-01],
        [7.4918e-02, 2.1534e-01, 4.4543e-01, 2.5554e-01, 8.7778e-03],
        [3.2611e-02, 5.7952e-02, 9.4986e-02, 8.1035e-01, 4.1015e-03],
        [4.0746e-03, 2.1963e-02, 1.1602e-04, 2.8718e-05, 9.7382e-01]],
       device='cuda:0')
SOD Train-Val IoU gap per class: tensor([0.0024, 0.3038, 0.2609, 0.2144, 0.0388], device='cuda:0')
Combined score: 76.86399841308594%
Train Epoch Loss: 0.224
Train Cross Entropy Epoch Loss: 0.224
Train Water Consistency Epoch Loss: 0.000
Validation Epoch Loss: 0.403
Validation Cross Entropy Epoch Loss: 0.403
Validation val_edge_consistency_loss: 0.000
Water edge Accuarcy: 0.0
Validation SOD mIoU: 0.6037
Learning Rate: 9.98e-04
Early stopping counter: 3/30
100%|| 16/16 [00:40<00:00,  2.55s/it]
Train SOD mIoU: 0.7915
Train SOD IoU per class: tensor([0.9089, 0.7108, 0.6924, 0.7802, 0.8650], device='cuda:0')
Train SOD Precision per class: tensor([0.9337, 0.8569, 0.8488, 0.8501, 0.9209], device='cuda:0')
Train SOD Recall per class: tensor([0.9716, 0.8065, 0.7898, 0.9046, 0.9345], device='cuda:0')
Train SOD True class proportion: tensor([0.2690, 0.2297, 0.1617, 0.1789, 0.1607], device='cuda:0')
Train SOD Pred class proportion: tensor([0.2799, 0.2162, 0.1504, 0.1904, 0.1631], device='cuda:0')
Train SOD Normalized Confusion Matrix (row=true, col=pred):
tensor([[9.7159e-01, 1.6924e-02, 4.3099e-03, 6.5228e-03, 6.5556e-04],
        [4.2617e-02, 8.0653e-01, 5.1468e-02, 5.2860e-02, 4.6524e-02],
        [2.6217e-02, 8.5525e-02, 7.8982e-01, 8.7267e-02, 1.1176e-02],
        [9.2813e-03, 3.5199e-02, 4.9630e-02, 9.0458e-01, 1.3129e-03],
        [1.7837e-02, 3.8925e-02, 5.4726e-03, 3.2667e-03, 9.3450e-01]],
       device='cuda:0')
Validating...
  4%|▉                                                                                                                                                                   | 7/200 [07:33<3:18:00, 61.56s/it]2.74s/it]
Computing Metrics on Val dataset

Epoch 6 score:
SOD f1_metric: 77.07099914550781%
SOD F1 score: tensor([0.9473, 0.5355, 0.5747, 0.7063, 0.8993], device='cuda:0')
SOD OA: 0.7826108932495117
SOD mIoU: tensor(0.6063, device='cuda:0')
SOD IoU per class: tensor([0.8998, 0.3657, 0.4032, 0.5459, 0.8171], device='cuda:0')
SOD Precision per class: tensor([0.9089, 0.5193, 0.8022, 0.6501, 0.8304], device='cuda:0')
SOD Recall per class: tensor([0.9891, 0.5528, 0.4477, 0.7731, 0.9807], device='cuda:0')
SOD True class proportion: tensor([0.3607, 0.1373, 0.2131, 0.1388, 0.1502], device='cuda:0')
SOD Pred class proportion: tensor([0.3925, 0.1461, 0.1189, 0.1650, 0.1774], device='cuda:0')
SOD Normalized Confusion Matrix (row=true, col=pred):
tensor([[9.8910e-01, 4.2996e-03, 2.2419e-03, 2.5355e-03, 1.8224e-03],
        [1.0592e-01, 5.5281e-01, 6.0286e-02, 8.3242e-02, 1.9774e-01],
        [7.8477e-02, 2.5308e-01, 4.4773e-01, 2.1309e-01, 7.6298e-03],
        [2.8508e-02, 8.9949e-02, 1.0379e-01, 7.7305e-01, 4.7018e-03],
        [3.7162e-03, 1.5271e-02, 2.6536e-04, 4.5949e-06, 9.8074e-01]],
       device='cuda:0')
SOD Train-Val IoU gap per class: tensor([0.0090, 0.3452, 0.2892, 0.2342, 0.0479], device='cuda:0')
Combined score: 77.07099914550781%
Train Epoch Loss: 0.204
Train Cross Entropy Epoch Loss: 0.204
Train Water Consistency Epoch Loss: 0.000
Validation Epoch Loss: 0.385
Validation Cross Entropy Epoch Loss: 0.385
Validation val_edge_consistency_loss: 0.000
Water edge Accuarcy: 0.0
Validation SOD mIoU: 0.6063
Learning Rate: 9.97e-04
Early stopping counter: 4/30
100%|| 16/16 [00:42<00:00,  2.63s/it]
Train SOD mIoU: 0.8118
Train SOD IoU per class: tensor([0.9129, 0.7318, 0.7192, 0.8109, 0.8842], device='cuda:0')
Train SOD Precision per class: tensor([0.9392, 0.8571, 0.8689, 0.8767, 0.9354], device='cuda:0')
Train SOD Recall per class: tensor([0.9702, 0.8335, 0.8068, 0.9152, 0.9417], device='cuda:0')
Train SOD True class proportion: tensor([0.2644, 0.2195, 0.1655, 0.1822, 0.1684], device='cuda:0')
Train SOD Pred class proportion: tensor([0.2731, 0.2134, 0.1536, 0.1902, 0.1696], device='cuda:0')
Train SOD Normalized Confusion Matrix (row=true, col=pred):
tensor([[9.7022e-01, 1.8968e-02, 4.6819e-03, 5.3137e-03, 8.1546e-04],
        [3.7616e-02, 8.3347e-01, 4.8655e-02, 4.1432e-02, 3.8827e-02],
        [2.4143e-02, 8.0752e-02, 8.0681e-01, 7.6421e-02, 1.1876e-02],
        [8.9489e-03, 3.2702e-02, 4.1757e-02, 9.1523e-01, 1.3612e-03],
        [1.6225e-02, 3.6609e-02, 3.6643e-03, 1.8149e-03, 9.4169e-01]],
       device='cuda:0')
Validating...
  4%|▊                                                                                                                                                                  | 8/200 [08:33<3:15:40, 61.15s/it]2.87s/it]
Computing Metrics on Val dataset

Epoch 7 score:
SOD f1_metric: 76.59600067138672%
SOD F1 score: tensor([0.9463, 0.5457, 0.5491, 0.7013, 0.9018], device='cuda:0')
SOD OA: 0.777285099029541
SOD mIoU: tensor(0.6026, device='cuda:0')
SOD IoU per class: tensor([0.8980, 0.3752, 0.3784, 0.5400, 0.8212], device='cuda:0')
SOD Precision per class: tensor([0.9068, 0.5010, 0.8188, 0.6350, 0.8644], device='cuda:0')
SOD Recall per class: tensor([0.9893, 0.5991, 0.4130, 0.7830, 0.9425], device='cuda:0')
SOD True class proportion: tensor([0.3607, 0.1373, 0.2131, 0.1388, 0.1502], device='cuda:0')
SOD Pred class proportion: tensor([0.3935, 0.1641, 0.1075, 0.1711, 0.1637], device='cuda:0')
SOD Normalized Confusion Matrix (row=true, col=pred):
tensor([[9.8930e-01, 6.9475e-03, 1.6707e-03, 1.3216e-03, 7.5526e-04],
        [1.1512e-01, 5.9909e-01, 5.1670e-02, 8.7576e-02, 1.4655e-01],
        [7.9121e-02, 2.6641e-01, 4.1301e-01, 2.3449e-01, 6.9667e-03],
        [2.7884e-02, 1.0211e-01, 8.4671e-02, 7.8300e-01, 2.3354e-03],
        [9.5001e-04, 5.6346e-02, 1.5623e-04, 0.0000e+00, 9.4255e-01]],
       device='cuda:0')
SOD Train-Val IoU gap per class: tensor([0.0149, 0.3566, 0.3408, 0.2709, 0.0630], device='cuda:0')
Combined score: 76.59600067138672%
Train Epoch Loss: 0.185
Train Cross Entropy Epoch Loss: 0.185
Train Water Consistency Epoch Loss: 0.000
Validation Epoch Loss: 0.385
Validation Cross Entropy Epoch Loss: 0.385
Validation val_edge_consistency_loss: 0.000
Water edge Accuarcy: 0.0
Validation SOD mIoU: 0.6026
Learning Rate: 9.96e-04
Early stopping counter: 5/30
100%|| 16/16 [00:43<00:00,  2.69s/it]
Train SOD mIoU: 0.8219
Train SOD IoU per class: tensor([0.9207, 0.7493, 0.7242, 0.8197, 0.8957], device='cuda:0')
Train SOD Precision per class: tensor([0.9459, 0.8672, 0.8685, 0.8791, 0.9477], device='cuda:0')
Train SOD Recall per class: tensor([0.9719, 0.8464, 0.8133, 0.9240, 0.9423], device='cuda:0')
Train SOD True class proportion: tensor([0.2716, 0.2215, 0.1592, 0.1747, 0.1729], device='cuda:0')
Train SOD Pred class proportion: tensor([0.2790, 0.2162, 0.1491, 0.1837, 0.1719], device='cuda:0')
Train SOD Normalized Confusion Matrix (row=true, col=pred):
tensor([[9.7192e-01, 1.8375e-02, 4.1095e-03, 4.9973e-03, 5.9438e-04],
        [3.3476e-02, 8.4642e-01, 4.9978e-02, 3.8796e-02, 3.1335e-02],
        [2.2568e-02, 7.8560e-02, 8.1330e-01, 7.4798e-02, 1.0774e-02],
        [8.1013e-03, 2.8714e-02, 3.8227e-02, 9.2395e-01, 1.0054e-03],
        [1.5522e-02, 3.5886e-02, 4.2297e-03, 2.0452e-03, 9.4232e-01]],
       device='cuda:0')
Validating...
  4%|▌                                                                                                                                                                 | 9/200 [09:34<3:14:41, 61.16s/it]2.95s/it]
Computing Metrics on Val dataset

Epoch 8 score:
SOD f1_metric: 75.4229965209961%
SOD F1 score: tensor([0.9442, 0.5444, 0.5311, 0.6656, 0.8882], device='cuda:0')
SOD OA: 0.7638921141624451
SOD mIoU: tensor(0.5855, device='cuda:0')
SOD IoU per class: tensor([0.8943, 0.3740, 0.3615, 0.4988, 0.7989], device='cuda:0')
SOD Precision per class: tensor([0.9228, 0.5027, 0.7382, 0.6082, 0.8305], device='cuda:0')
SOD Recall per class: tensor([0.9667, 0.5937, 0.4147, 0.7351, 0.9546], device='cuda:0')
SOD True class proportion: tensor([0.3607, 0.1373, 0.2131, 0.1388, 0.1502], device='cuda:0')
SOD Pred class proportion: tensor([0.3778, 0.1621, 0.1197, 0.1678, 0.1726], device='cuda:0')
SOD Normalized Confusion Matrix (row=true, col=pred):
tensor([[9.6666e-01, 1.7856e-02, 9.7322e-03, 3.7658e-03, 1.9821e-03],
        [7.8154e-02, 5.9369e-01, 5.4366e-02, 9.3561e-02, 1.8023e-01],
        [6.7760e-02, 2.6281e-01, 4.1470e-01, 2.4179e-01, 1.2947e-02],
        [2.7115e-02, 8.3882e-02, 1.4636e-01, 7.3506e-01, 7.5828e-03],
        [1.5634e-03, 4.3522e-02, 2.9637e-04, 1.8380e-05, 9.5460e-01]],
       device='cuda:0')
SOD Train-Val IoU gap per class: tensor([0.0264, 0.3752, 0.3626, 0.3209, 0.0968], device='cuda:0')
Combined score: 75.4229965209961%
Train Epoch Loss: 0.171
Train Cross Entropy Epoch Loss: 0.171
Train Water Consistency Epoch Loss: 0.000
Validation Epoch Loss: 0.396
Validation Cross Entropy Epoch Loss: 0.396
Validation val_edge_consistency_loss: 0.000
Water edge Accuarcy: 0.0
Validation SOD mIoU: 0.5855
Learning Rate: 9.95e-04
Early stopping counter: 6/30
100%|| 16/16 [00:42<00:00,  2.65s/it]
Train SOD mIoU: 0.8215
Train SOD IoU per class: tensor([0.9130, 0.7471, 0.7272, 0.8255, 0.8947], device='cuda:0')
Train SOD Precision per class: tensor([0.9390, 0.8688, 0.8717, 0.8841, 0.9439], device='cuda:0')
Train SOD Recall per class: tensor([0.9706, 0.8421, 0.8144, 0.9257, 0.9450], device='cuda:0')
Train SOD True class proportion: tensor([0.2627, 0.2258, 0.1601, 0.1797, 0.1717], device='cuda:0')
Train SOD Pred class proportion: tensor([0.2715, 0.2188, 0.1496, 0.1882, 0.1719], device='cuda:0')
Train SOD Normalized Confusion Matrix (row=true, col=pred):
tensor([[9.7056e-01, 2.0165e-02, 3.7974e-03, 4.8210e-03, 6.5395e-04],
        [3.7182e-02, 8.4210e-01, 4.9689e-02, 3.8042e-02, 3.2992e-02],
        [2.4230e-02, 7.8010e-02, 8.1438e-01, 7.2127e-02, 1.1252e-02],
        [8.9900e-03, 2.8882e-02, 3.5205e-02, 9.2570e-01, 1.2229e-03],
        [1.5513e-02, 3.3411e-02, 3.7716e-03, 2.3502e-03, 9.4495e-01]],
       device='cuda:0')
Validating...
  5%|▍                                                                                                                                                               | 10/200 [10:36<3:13:56, 61.25s/it]2.78s/it]
Computing Metrics on Val dataset

Epoch 9 score:
SOD f1_metric: 74.03199768066406%
SOD F1 score: tensor([0.9310, 0.5000, 0.5015, 0.6773, 0.8992], device='cuda:0')
SOD OA: 0.7516313195228577
SOD mIoU: tensor(0.5736, device='cuda:0')
SOD IoU per class: tensor([0.8709, 0.3333, 0.3346, 0.5120, 0.8169], device='cuda:0')
SOD Precision per class: tensor([0.9091, 0.4579, 0.7325, 0.6110, 0.8398], device='cuda:0')
SOD Recall per class: tensor([0.9540, 0.5506, 0.3812, 0.7596, 0.9676], device='cuda:0')
SOD True class proportion: tensor([0.3607, 0.1373, 0.2131, 0.1388, 0.1502], device='cuda:0')
SOD Pred class proportion: tensor([0.3785, 0.1651, 0.1109, 0.1725, 0.1730], device='cuda:0')
SOD Normalized Confusion Matrix (row=true, col=pred):
tensor([[9.5397e-01, 3.1765e-02, 1.0942e-02, 2.2926e-03, 1.0298e-03],
        [1.2522e-01, 5.5063e-01, 5.8811e-02, 8.7990e-02, 1.7735e-01],
        [5.9040e-02, 2.9397e-01, 3.8122e-01, 2.5440e-01, 1.1371e-02],
        [3.0794e-02, 7.9008e-02, 1.2649e-01, 7.5958e-01, 4.1301e-03],
        [2.2952e-03, 2.9509e-02, 5.5484e-04, 1.1487e-06, 9.6764e-01]],
       device='cuda:0')
SOD Train-Val IoU gap per class: tensor([0.0421, 0.4138, 0.3926, 0.3135, 0.0778], device='cuda:0')
Combined score: 74.03199768066406%
Train Epoch Loss: 0.171
Train Cross Entropy Epoch Loss: 0.171
Train Water Consistency Epoch Loss: 0.000
Validation Epoch Loss: 0.408
Validation Cross Entropy Epoch Loss: 0.408
Validation val_edge_consistency_loss: 0.000
Water edge Accuarcy: 0.0
Validation SOD mIoU: 0.5736
Learning Rate: 9.94e-04
Early stopping counter: 7/30
100%|| 16/16 [00:43<00:00,  2.71s/it]
Train SOD mIoU: 0.8277
Train SOD IoU per class: tensor([0.9154, 0.7679, 0.7307, 0.8308, 0.8939], device='cuda:0')
Train SOD Precision per class: tensor([0.9409, 0.8801, 0.8691, 0.8943, 0.9421], device='cuda:0')
Train SOD Recall per class: tensor([0.9712, 0.8576, 0.8210, 0.9213, 0.9459], device='cuda:0')
Train SOD True class proportion: tensor([0.2614, 0.2305, 0.1582, 0.1850, 0.1648], device='cuda:0')
Train SOD Pred class proportion: tensor([0.2699, 0.2246, 0.1495, 0.1906, 0.1655], device='cuda:0')
Train SOD Normalized Confusion Matrix (row=true, col=pred):
tensor([[9.7122e-01, 1.9484e-02, 3.9595e-03, 4.3645e-03, 9.6924e-04],
        [3.4875e-02, 8.5758e-01, 4.4753e-02, 3.1862e-02, 3.0927e-02],
        [2.3931e-02, 7.1523e-02, 8.2098e-01, 7.1470e-02, 1.2098e-02],
        [8.4953e-03, 2.8249e-02, 4.0484e-02, 9.2125e-01, 1.5219e-03],
        [1.5522e-02, 3.2099e-02, 4.3566e-03, 2.1272e-03, 9.4590e-01]],
       device='cuda:0')
Validating...
  6%|▏                                                                                                                                                              | 11/200 [11:37<3:13:13, 61.34s/it]2.98s/it]
Computing Metrics on Val dataset

Epoch 10 score:
SOD f1_metric: 74.64299774169922%
SOD F1 score: tensor([0.9441, 0.5126, 0.5125, 0.6876, 0.8718], device='cuda:0')
SOD OA: 0.7623793482780457
SOD mIoU: tensor(0.5760, device='cuda:0')
SOD IoU per class: tensor([0.8941, 0.3446, 0.3445, 0.5239, 0.7727], device='cuda:0')
SOD Precision per class: tensor([0.9158, 0.5176, 0.7542, 0.6068, 0.7794], device='cuda:0')
SOD Recall per class: tensor([0.9742, 0.5077, 0.3881, 0.7933, 0.9890], device='cuda:0')
SOD True class proportion: tensor([0.3607, 0.1373, 0.2131, 0.1388, 0.1502], device='cuda:0')
SOD Pred class proportion: tensor([0.3837, 0.1347, 0.1097, 0.1815, 0.1906], device='cuda:0')
SOD Normalized Confusion Matrix (row=true, col=pred):
tensor([[9.7418e-01, 9.4883e-03, 1.0216e-02, 1.6612e-03, 4.4531e-03],
        [9.2891e-02, 5.0771e-01, 5.6941e-02, 7.8977e-02, 2.6348e-01],
        [7.1131e-02, 2.4276e-01, 3.8810e-01, 2.8118e-01, 1.6823e-02],
        [2.8957e-02, 6.2084e-02, 1.1085e-01, 7.9326e-01, 4.8435e-03],
        [2.5456e-03, 7.9906e-03, 4.6064e-04, 0.0000e+00, 9.8900e-01]],
       device='cuda:0')
SOD Train-Val IoU gap per class: tensor([0.0213, 0.4233, 0.3861, 0.3069, 0.1212], device='cuda:0')
Combined score: 74.64299774169922%
Train Epoch Loss: 0.164
Train Cross Entropy Epoch Loss: 0.164
Train Water Consistency Epoch Loss: 0.000
Validation Epoch Loss: 0.383
Validation Cross Entropy Epoch Loss: 0.383
Validation val_edge_consistency_loss: 0.000
Water edge Accuarcy: 0.0
Validation SOD mIoU: 0.5760
Learning Rate: 9.93e-04
Early stopping counter: 8/30
100%|| 16/16 [00:43<00:00,  2.72s/it]
Train SOD mIoU: 0.8424
Train SOD IoU per class: tensor([0.9211, 0.7735, 0.7554, 0.8587, 0.9031], device='cuda:0')
Train SOD Precision per class: tensor([0.9454, 0.8792, 0.8875, 0.9099, 0.9509], device='cuda:0')
Train SOD Recall per class: tensor([0.9729, 0.8655, 0.8354, 0.9385, 0.9473], device='cuda:0')
Train SOD True class proportion: tensor([0.2631, 0.2175, 0.1607, 0.1845, 0.1742], device='cuda:0')
Train SOD Pred class proportion: tensor([0.2707, 0.2141, 0.1512, 0.1903, 0.1736], device='cuda:0')
Train SOD Normalized Confusion Matrix (row=true, col=pred):
tensor([[9.7293e-01, 1.8412e-02, 3.7731e-03, 4.3019e-03, 5.7806e-04],
        [3.3661e-02, 8.6552e-01, 4.4185e-02, 2.7804e-02, 2.8830e-02],
        [2.3424e-02, 6.9465e-02, 8.3537e-01, 5.9757e-02, 1.1980e-02],
        [6.9083e-03, 2.2282e-02, 3.1310e-02, 9.3852e-01, 9.8388e-04],
        [1.3966e-02, 3.3037e-02, 3.5782e-03, 2.0930e-03, 9.4733e-01]],
       device='cuda:0')
Validating...
  6%|                                                                                                                                                              | 12/200 [12:41<3:14:51, 62.19s/it]3.05s/it]
Computing Metrics on Val dataset

Epoch 11 score:
SOD f1_metric: 73.38500213623047%
SOD F1 score: tensor([0.9462, 0.4907, 0.4748, 0.6691, 0.8735], device='cuda:0')
SOD OA: 0.752102792263031
SOD mIoU: tensor(0.5625, device='cuda:0')
SOD IoU per class: tensor([0.8979, 0.3252, 0.3113, 0.5027, 0.7755], device='cuda:0')
SOD Precision per class: tensor([0.9156, 0.4706, 0.8123, 0.5789, 0.7879], device='cuda:0')
SOD Recall per class: tensor([0.9789, 0.5127, 0.3354, 0.7925, 0.9801], device='cuda:0')
SOD True class proportion: tensor([0.3607, 0.1373, 0.2131, 0.1388, 0.1502], device='cuda:0')
SOD Pred class proportion: tensor([0.3856, 0.1496, 0.0880, 0.1900, 0.1868], device='cuda:0')
SOD Normalized Confusion Matrix (row=true, col=pred):
tensor([[9.7890e-01, 1.2314e-02, 4.9419e-03, 1.8420e-03, 1.9979e-03],
        [9.5629e-02, 5.1272e-01, 1.6929e-02, 1.2776e-01, 2.4696e-01],
        [6.8850e-02, 2.8615e-01, 3.3544e-01, 2.9009e-01, 1.9475e-02],
        [3.0856e-02, 8.1652e-02, 8.8847e-02, 7.9252e-01, 6.1274e-03],
        [3.1636e-03, 1.6242e-02, 5.2497e-04, 1.0339e-05, 9.8006e-01]],
       device='cuda:0')
SOD Train-Val IoU gap per class: tensor([0.0233, 0.4484, 0.4441, 0.3560, 0.1276], device='cuda:0')
Combined score: 73.38500213623047%
Train Epoch Loss: 0.152
Train Cross Entropy Epoch Loss: 0.152
Train Water Consistency Epoch Loss: 0.000
Validation Epoch Loss: 0.416
Validation Cross Entropy Epoch Loss: 0.416
Validation val_edge_consistency_loss: 0.000
Water edge Accuarcy: 0.0
Validation SOD mIoU: 0.5625
Learning Rate: 9.91e-04
Early stopping counter: 9/30
100%|| 16/16 [00:41<00:00,  2.62s/it]
Train SOD mIoU: 0.8456
Train SOD IoU per class: tensor([0.9232, 0.7737, 0.7624, 0.8582, 0.9107], device='cuda:0')
Train SOD Precision per class: tensor([0.9436, 0.8853, 0.8916, 0.9090, 0.9517], device='cuda:0')
Train SOD Recall per class: tensor([0.9770, 0.8599, 0.8403, 0.9388, 0.9549], device='cuda:0')
Train SOD True class proportion: tensor([0.2537, 0.2177, 0.1647, 0.1870, 0.1769], device='cuda:0')
Train SOD Pred class proportion: tensor([0.2627, 0.2114, 0.1552, 0.1932, 0.1775], device='cuda:0')
Train SOD Normalized Confusion Matrix (row=true, col=pred):
tensor([[9.7704e-01, 1.5020e-02, 3.0451e-03, 4.2334e-03, 6.6272e-04],
        [3.2424e-02, 8.5992e-01, 4.7293e-02, 3.0495e-02, 2.9864e-02],
        [2.2862e-02, 6.8813e-02, 8.4028e-01, 5.7833e-02, 1.0209e-02],
        [7.9654e-03, 2.3547e-02, 2.8439e-02, 9.3884e-01, 1.2052e-03],
        [1.4077e-02, 2.6653e-02, 2.5150e-03, 1.8952e-03, 9.5486e-01]],
       device='cuda:0')
Validating...
  6%|▉                                                                                                                                                             | 13/200 [13:44<3:14:10, 62.30s/it]2.82s/it]
Computing Metrics on Val dataset

Epoch 12 score:
SOD f1_metric: 75.11900329589844%
SOD F1 score: tensor([0.9413, 0.5264, 0.4983, 0.6923, 0.9134], device='cuda:0')
SOD OA: 0.7667070031166077
SOD mIoU: tensor(0.5896, device='cuda:0')
SOD IoU per class: tensor([0.8891, 0.3572, 0.3318, 0.5294, 0.8406], device='cuda:0')
SOD Precision per class: tensor([0.9046, 0.5010, 0.7524, 0.6150, 0.8537], device='cuda:0')
SOD Recall per class: tensor([0.9811, 0.5544, 0.3725, 0.7919, 0.9821], device='cuda:0')
SOD True class proportion: tensor([0.3607, 0.1373, 0.2131, 0.1388, 0.1502], device='cuda:0')
SOD Pred class proportion: tensor([0.3912, 0.1519, 0.1055, 0.1787, 0.1728], device='cuda:0')
SOD Normalized Confusion Matrix (row=true, col=pred):
tensor([[9.8108e-01, 8.2920e-03, 4.2709e-03, 2.8933e-03, 3.4668e-03],
        [1.2897e-01, 5.5438e-01, 5.6605e-02, 9.1663e-02, 1.6838e-01],
        [7.2135e-02, 2.9345e-01, 3.7245e-01, 2.5894e-01, 3.0239e-03],
        [2.8396e-02, 5.6797e-02, 1.2099e-01, 7.9189e-01, 1.9314e-03],
        [1.9908e-03, 1.5871e-02, 6.2032e-05, 1.1487e-06, 9.8208e-01]],
       device='cuda:0')
SOD Train-Val IoU gap per class: tensor([0.0341, 0.4165, 0.4306, 0.3288, 0.0701], device='cuda:0')
Combined score: 75.11900329589844%
Train Epoch Loss: 0.150
Train Cross Entropy Epoch Loss: 0.150
Train Water Consistency Epoch Loss: 0.000
Validation Epoch Loss: 0.408
Validation Cross Entropy Epoch Loss: 0.408
Validation val_edge_consistency_loss: 0.000
Water edge Accuarcy: 0.0
Validation SOD mIoU: 0.5896
Learning Rate: 9.90e-04
Early stopping counter: 10/30
100%|| 16/16 [00:41<00:00,  2.61s/it]
Train SOD mIoU: 0.8430
Train SOD IoU per class: tensor([0.9248, 0.7804, 0.7545, 0.8408, 0.9146], device='cuda:0')
Train SOD Precision per class: tensor([0.9473, 0.8881, 0.8845, 0.8963, 0.9574], device='cuda:0')
Train SOD Recall per class: tensor([0.9750, 0.8655, 0.8369, 0.9314, 0.9534], device='cuda:0')
Train SOD True class proportion: tensor([0.2697, 0.2202, 0.1571, 0.1770, 0.1759], device='cuda:0')
Train SOD Pred class proportion: tensor([0.2776, 0.2146, 0.1487, 0.1839, 0.1752], device='cuda:0')
Train SOD Normalized Confusion Matrix (row=true, col=pred):
tensor([[9.7496e-01, 1.6292e-02, 3.6497e-03, 4.3775e-03, 7.1847e-04],
        [3.3948e-02, 8.6550e-01, 4.1842e-02, 3.3988e-02, 2.4726e-02],
        [2.1526e-02, 6.7471e-02, 8.3694e-01, 6.3876e-02, 1.0189e-02],
        [7.6214e-03, 2.3943e-02, 3.5776e-02, 9.3138e-01, 1.2797e-03],
        [1.3721e-02, 2.7149e-02, 3.6249e-03, 2.0742e-03, 9.5343e-01]],
       device='cuda:0')
Validating...
  7%|▊                                                                                                                                                            | 14/200 [14:48<3:14:36, 62.78s/it]2.87s/it]
Computing Metrics on Val dataset

Epoch 13 score:
SOD f1_metric: 74.54299926757812%
SOD F1 score: tensor([0.9350, 0.5115, 0.5201, 0.6767, 0.8873], device='cuda:0')
SOD OA: 0.7617443203926086
SOD mIoU: tensor(0.5763, device='cuda:0')
SOD IoU per class: tensor([0.8779, 0.3436, 0.3514, 0.5113, 0.7974], device='cuda:0')
SOD Precision per class: tensor([0.9031, 0.5470, 0.7749, 0.5691, 0.8112], device='cuda:0')
SOD Recall per class: tensor([0.9692, 0.4804, 0.3914, 0.8344, 0.9790], device='cuda:0')
SOD True class proportion: tensor([0.3607, 0.1373, 0.2131, 0.1388, 0.1502], device='cuda:0')
SOD Pred class proportion: tensor([0.3871, 0.1206, 0.1076, 0.2035, 0.1812], device='cuda:0')
SOD Normalized Confusion Matrix (row=true, col=pred):
tensor([[9.6920e-01, 1.2653e-02, 1.1156e-02, 2.3471e-03, 4.6420e-03],
        [1.3080e-01, 4.8035e-01, 4.9868e-02, 1.1222e-01, 2.2676e-01],
        [7.2044e-02, 1.9594e-01, 3.9140e-01, 3.3531e-01, 5.3135e-03],
        [2.7620e-02, 4.0471e-02, 9.5499e-02, 8.3440e-01, 2.0097e-03],
        [2.3630e-03, 1.7881e-02, 7.0877e-04, 1.1487e-06, 9.7905e-01]],
       device='cuda:0')
SOD Train-Val IoU gap per class: tensor([0.0469, 0.4368, 0.4031, 0.3295, 0.1172], device='cuda:0')
Combined score: 74.54299926757812%
Train Epoch Loss: 0.150
Train Cross Entropy Epoch Loss: 0.150
Train Water Consistency Epoch Loss: 0.000
Validation Epoch Loss: 0.386
Validation Cross Entropy Epoch Loss: 0.386
Validation val_edge_consistency_loss: 0.000
Water edge Accuarcy: 0.0
Validation SOD mIoU: 0.5763
Learning Rate: 9.88e-04
Early stopping counter: 11/30
100%|| 16/16 [00:41<00:00,  2.60s/it]
Train SOD mIoU: 0.8628
Train SOD IoU per class: tensor([0.9281, 0.8016, 0.7810, 0.8838, 0.9196], device='cuda:0')
Train SOD Precision per class: tensor([0.9497, 0.8988, 0.8970, 0.9288, 0.9587], device='cuda:0')
Train SOD Recall per class: tensor([0.9761, 0.8811, 0.8579, 0.9480, 0.9575], device='cuda:0')
Train SOD True class proportion: tensor([0.2654, 0.2226, 0.1518, 0.1849, 0.1753], device='cuda:0')
Train SOD Pred class proportion: tensor([0.2728, 0.2182, 0.1451, 0.1887, 0.1751], device='cuda:0')
Train SOD Normalized Confusion Matrix (row=true, col=pred):
tensor([[9.7613e-01, 1.5846e-02, 3.2683e-03, 4.1233e-03, 6.3156e-04],
        [3.0897e-02, 8.8110e-01, 3.9764e-02, 2.4149e-02, 2.4094e-02],
        [2.1337e-02, 6.6796e-02, 8.5792e-01, 4.3915e-02, 1.0027e-02],
        [6.9985e-03, 1.8332e-02, 2.5685e-02, 9.4803e-01, 9.5161e-04],
        [1.3225e-02, 2.4791e-02, 2.7674e-03, 1.7463e-03, 9.5747e-01]],
       device='cuda:0')
Validating...
  8%|▌                                                                                                                                                           | 15/200 [15:50<3:12:46, 62.52s/it]2.81s/it]
Computing Metrics on Val dataset

